# Table 
0 1 5.09405e-17 1 5.09405e-17 1 5.09405e-17 1 5.09405e-17 1 5.09405e-17
1 0.542975 0.0170935 0.596372 0.0102609 0.569439 0.00194345 0.65134 0.0292815 0.626614 0.001366
2 0.535834 0.0169954 0.588957 0.0104508 0.562859 0.00200236 0.641079 0.0274791 0.618398 6.76711e-05
3 0.527695 0.0167477 0.581465 0.010398 0.554716 0.00216982 0.633684 0.0282648 0.60564 6.28294e-05
4 0.517629 0.0173297 0.572212 0.00980093 0.546663 0.00175739 0.620587 0.0279738 0.594889 0.000350939
5 0.506149 0.0171005 0.561594 0.00983884 0.537484 0.00157214 0.606615 0.0290139 0.582345 0.00029728
6 0.493905 0.0173801 0.549369 0.00973263 0.527221 0.00158869 0.589763 0.0293701 0.569114 0.000192726
7 0.480229 0.0173118 0.535969 0.0091085 0.516144 0.00132209 0.571674 0.0289247 0.554721 0.000416738
8 0.465522 0.0177798 0.521316 0.00902404 0.5037 0.0014031 0.552477 0.0296817 0.538585 0.000306008
9 0.450463 0.0175995 0.506381 0.00910326 0.490517 0.00105991 0.532596 0.0300992 0.521815 0.00118454
10 0.434207 0.0177233 0.489809 0.00863438 0.47661 0.000714313 0.511732 0.0309605 0.504246 0.00113427
11 0.41794 0.0173616 0.47326 0.00858892 0.4618 0.000347928 0.490961 0.0314716 0.485298 0.00247367
12 0.401699 0.0173002 0.456124 0.00825481 0.446809 7.9656e-06 0.470316 0.0326638 0.46717 0.00271368
13 0.38498 0.0174533 0.438615 0.00802865 0.431157 0.000116496 0.449306 0.0327718 0.447233 0.00280438
14 0.368367 0.0171546 0.421124 0.00780161 0.415212 0.000616806 0.428523 0.0338154 0.427877 0.00383389
15 0.351984 0.0171923 0.403307 0.00760362 0.399048 0.00086857 0.408312 0.0344638 0.408383 0.00462329
16 0.335898 0.0170514 0.385626 0.00756204 0.382958 0.00117503 0.388415 0.0354418 0.389466 0.00520622
17 0.319816 0.0171826 0.368044 0.00738575 0.366533 0.00133977 0.369258 0.0363629 0.369539 0.00570812
18 0.304457 0.0168979 0.350833 0.00720834 0.350553 0.00155818 0.351195 0.0369145 0.350717 0.00664328
19 0.289926 0.0167274 0.333711 0.00713015 0.334706 0.00178147 0.334171 0.0381889 0.332855 0.00791884
20 0.275485 0.0168848 0.31712 0.00699052 0.318892 0.00203323 0.317457 0.0390229 0.314261 0.00871068
21 0.261656 0.0166578 0.301046 0.00676101 0.303543 0.00232898 0.302005 0.039727 0.297005 0.00922833
22 0.248578 0.016363 0.285128 0.00653916 0.288378 0.00237856 0.287046 0.0407552 0.280154 0.0106247
23 0.235758 0.0162533 0.269951 0.00656526 0.273765 0.00249882 0.273018 0.0414138 0.264118 0.0111651
24 0.223675 0.0160176 0.255055 0.0062149 0.259369 0.0025483 0.2598 0.0421643 0.248348 0.0117736
25 0.21199 0.0157331 0.240943 0.006234 0.245582 0.00275264 0.247191 0.0435249 0.233051 0.0129197
26 0.200839 0.0155977 0.227263 0.00597413 0.232275 0.00285768 0.235829 0.043723 0.218205 0.0137767
27 0.190289 0.0153944 0.214367 0.00576404 0.219403 0.00287312 0.225082 0.044238 0.204186 0.0143664
28 0.180047 0.0153657 0.201829 0.00556087 0.206881 0.00284074 0.214585 0.0449681 0.190975 0.0149173
29 0.170355 0.0150648 0.189963 0.00550392 0.195131 0.00289603 0.205268 0.0455115 0.177986 0.0157577
30 0.161262 0.0149305 0.178584 0.005252 0.183737 0.00269735 0.196102 0.0457315 0.166011 0.0161494
31 0.152386 0.0146835 0.167805 0.00501751 0.173003 0.00268633 0.187141 0.0460896 0.154299 0.0164299
32 0.144055 0.0146176 0.15762 0.00485383 0.162781 0.00253969 0.179298 0.0464038 0.143412 0.0168872
33 0.136139 0.0142673 0.147877 0.00470204 0.152927 0.00258628 0.171636 0.0465366 0.132855 0.0173625
34 0.128779 0.0141359 0.138731 0.00447266 0.143745 0.00244003 0.164305 0.0468862 0.123525 0.0175307
35 0.121406 0.0139992 0.130107 0.00421101 0.134934 0.00239115 0.157135 0.0468855 0.114038 0.0177275
36 0.114564 0.0137035 0.121909 0.00392963 0.126624 0.00222369 0.150507 0.0464628 0.105341 0.0177194
37 0.107971 0.0135208 0.114173 0.00356335 0.118874 0.00204603 0.144017 0.0464275 0.0971298 0.0177694
38 0.101786 0.0132731 0.106999 0.00326233 0.111499 0.0020909 0.13772 0.0463365 0.089573 0.0180735
39 0.0961173 0.0131317 0.100231 0.00281491 0.104596 0.00194338 0.13246 0.0461484 0.0823807 0.0181703
40 0.0903833 0.012848 0.0938864 0.00257572 0.0980744 0.00180956 0.126371 0.0459798 0.0756037 0.018207
41 0.0850819 0.0126207 0.0879016 0.00228846 0.0919289 0.0016627 0.120707 0.0454958 0.0692965 0.0182138
42 0.0801162 0.0125537 0.0822898 0.00190808 0.0863273 0.00147505 0.11584 0.0448165 0.0633372 0.0179479
43 0.0754303 0.0121996 0.0770124 0.00160384 0.0808971 0.00144528 0.110733 0.0444199 0.0576744 0.0178147
44 0.0709401 0.012047 0.0721829 0.00132847 0.0760189 0.00132321 0.105941 0.0443209 0.053058 0.0177904
45 0.066722 0.011735 0.0675069 0.000913243 0.0712645 0.00128507 0.101071 0.0437 0.0480193 0.017831
46 0.0625414 0.0114625 0.0630841 0.000586097 0.0669315 0.00117136 0.0963094 0.04301 0.0435371 0.0178877
47 0.0587216 0.0112876 0.059022 0.000162742 0.0629529 0.00114173 0.0916771 0.0427202 0.0396294 0.0179715
48 0.0552622 0.0110151 0.0552583 0.000197744 0.0591931 0.00103921 0.0877078 0.0419476 0.0359971 0.0173616
49 0.0518932 0.0107957 0.0516536 0.000400412 0.0557427 0.00103285 0.0832358 0.0419776 0.0327398 0.017714
50 0.0485804 0.0104074 0.0482734 0.000778523 0.0524633 0.000994373 0.0789198 0.0411788 0.0294776 0.0177874
51 0.0456198 0.010154 0.0450827 0.00114277 0.0494094 0.00094532 0.0751407 0.0407123 0.0265194 0.0176809
52 0.0426053 0.00996287 0.0420505 0.00129695 0.0466718 0.000773798 0.0711914 0.0401562 0.0237904 0.0173523
53 0.0399469 0.00977054 0.0391968 0.0015701 0.0439332 0.000782572 0.0675809 0.0400183 0.0212377 0.0173981
54 0.037281 0.00945289 0.0365414 0.00190855 0.0415794 0.000738793 0.0638147 0.0393512 0.0190331 0.0173225
55 0.0349134 0.00914385 0.0340107 0.0020321 0.039416 0.000687162 0.0604318 0.0388084 0.0168822 0.0174832
56 0.0326496 0.00893934 0.0314393 0.00220335 0.037271 0.000683458 0.0570108 0.0379564 0.0149081 0.016776
57 0.0305299 0.0085994 0.0293172 0.00245964 0.035314 0.000688215 0.0539953 0.0370647 0.0129919 0.0167887
58 0.028436 0.00840525 0.0270099 0.00265226 0.0333449 0.000543209 0.0505102 0.036704 0.0114631 0.0164866
59 0.0265742 0.00807663 0.0248765 0.00280302 0.0317327 0.000610891 0.0474552 0.0358979 0.0100455 0.0165183
60 0.0248103 0.00782622 0.0228521 0.00310601 0.0300956 0.000372014 0.0443928 0.0348394 0.0086292 0.0159788
61 0.0231011 0.00751189 0.0210083 0.00319149 0.0285956 0.000456869 0.0414024 0.0343498 0.00747957 0.0159859
62 0.0216216 0.00720551 0.0191472 0.00336198 0.0271935 0.000462178 0.0389112 0.0333522 0.0064365 0.0157343
63 0.0200927 0.00688834 0.0173209 0.00354846 0.0257953 0.000418344 0.0361473 0.0322208 0.00518423 0.0154585
64 0.0187863 0.00659762 0.0155545 0.00360958 0.0244995 0.000366533 0.0333244 0.0313042 0.00452025 0.0149943
65 0.0173825 0.00631531 0.0139331 0.00376773 0.0233342 0.000284677 0.0307567 0.0301985 0.00352175 0.0145388
66 0.0161675 0.00594166 0.0123442 0.00386281 0.0221149 0.000261086 0.0284749 0.0295699 0.00268731 0.0148883
67 0.0151782 0.00558575 0.0107889 0.00397966 0.0210205 0.000269261 0.0263456 0.0282266 0.00210526 0.0143486
68 0.0140826 0.00520949 0.0093538 0.00406474 0.0199029 0.000322544 0.0240224 0.0271705 0.0013181 0.0142168
69 0.0131764 0.00496541 0.0079629 0.00417291 0.0190085 0.000179102 0.0221576 0.026051 0.00101427 0.013772
70 0.0123024 0.00452766 0.00666616 0.00419844 0.0179911 0.000200112 0.0203464 0.0245996 0.000347424 0.0134478
71 0.0115483 0.00431361 0.00536903 0.00437904 0.0169815 0.000152532 0.0186889 0.023377 5.01324e-05 0.0130296
72 0.0107634 0.00399399 0.00412248 0.00441274 0.0160495 3.56037e-05 0.0166974 0.0221311 -0.000406431 0.0125113
73 0.0100592 0.00356589 0.00296156 0.00447127 0.0152081 0.000131212 0.0150835 0.0207635 -0.000679048 0.0125518
74 0.00943045 0.00314206 0.00185511 0.00447641 0.0144899 0.000105253 0.0135597 0.0196035 -0.000806583 0.0124601
75 0.00886825 0.00285721 0.000764606 0.00452741 0.0136095 0.000143464 0.0120232 0.0184214 -0.000875215 0.0122701
76 0.00839726 0.00259269 -0.000235279 0.0045589 0.0128013 0.000210155 0.0106604 0.0175233 -0.001143 0.0121873
77 0.00791242 0.00224519 -0.00127611 0.00459839 0.0120074 0.000268248 0.00917595 0.0164017 -0.0011128 0.0118302
78 0.00752351 0.00184846 -0.00231761 0.00462833 0.0112615 0.000282365 0.00794278 0.015516 -0.00108572 0.0120538
79 0.00713997 0.00158782 -0.00315064 0.00459706 0.010539 0.000318245 0.00675313 0.0146691 -0.00112585 0.0118753
80 0.00677632 0.00131491 -0.00406211 0.00446535 0.00979724 0.000366874 0.0055843 0.0139106 -0.000968396 0.0120308
81 0.00645999 0.00100247 -0.0048868 0.00436583 0.00914527 0.000363989 0.00440188 0.013054 -0.000732724 0.0119667
82 0.0061895 0.000652689 -0.00569413 0.00429243 0.0085906 0.000490056 0.00345773 0.0121838 -0.000543803 0.0120024
83 0.00591574 0.000541087 -0.00647181 0.00426885 0.00793931 0.00057761 0.00250754 0.0118347 -0.000366316 0.0120569
84 0.00565852 0.000222384 -0.0071293 0.00415025 0.00730799 0.000683497 0.00151653 0.0114462 -0.000111213 0.0123919
85 0.00539685 5.9123e-05 -0.00784367 0.00401161 0.00676545 0.00084151 0.000491095 0.0113416 8.13551e-05 0.012765
86 0.00522626 0.00017132 -0.00845304 0.00388094 0.00617795 0.000821912 -0.000224059 0.011009 0.000435357 0.0128696
87 0.00497408 0.000187157 -0.00920669 0.00368801 0.00571856 0.00100315 -0.00136502 0.0108584 0.000883151 0.0129025
88 0.00474244 0.000306843 -0.00976456 0.00346513 0.00526629 0.0010929 -0.00236229 0.0113921 0.00138944 0.0135335
89 0.00453895 0.000454586 -0.0102968 0.00340252 0.00477405 0.00119259 -0.0033877 0.0110762 0.00150729 0.0138311
90 0.00427292 0.000506796 -0.0108157 0.00336981 0.00425588 0.00127722 -0.00405929 0.0111094 0.0021224 0.0138987
91 0.00404854 0.000516381 -0.0113539 0.00311134 0.00384705 0.00135588 -0.00520378 0.0115042 0.0024052 0.0143132
92 0.00376822 0.000686495 -0.011792 0.0029595 0.00345679 0.00154382 -0.00605114 0.0117384 0.00277079 0.0147638
93 0.00355753 0.000752766 -0.0121637 0.00280199 0.00297013 0.00162742 -0.00675179 0.0121955 0.00302064 0.015236
94 0.00332596 0.000784124 -0.012596 0.00262634 0.00265422 0.00175589 -0.00775399 0.0122899 0.00348664 0.015335
95 0.00302145 0.000727929 -0.0129176 0.00239363 0.00236453 0.00184199 -0.00861114 0.0132072 0.00381435 0.0158388
96 0.00271039 0.000718651 -0.0132955 0.00233636 0.00197566 0.00197277 -0.00960843 0.0134365 0.00412198 0.0158961
97 0.00243131 0.000719704 -0.0136065 0.0022467 0.0016712 0.00210047 -0.0101696 0.0139135 0.00407838 0.0164017
98 0.00206068 0.000589878 -0.0139104 0.00205646 0.00135152 0.00216715 -0.0113161 0.0145783 0.00443313 0.0165837
99 0.00170907 0.000551395 -0.0141828 0.00197163 0.00101894 0.00232885 -0.0120761 0.0153993 0.00457734 0.0169012
100 0.00143815 0.000488891 -0.0143722 0.00183335 0.000813872 0.00242524 -0.0127681 0.0157662 0.00474591 0.0171621
101 0.000995094 0.000467152 -0.0146019 0.001734 0.000456121 0.00246993 -0.0136951 0.0161407 0.00474692 0.0172797
102 0.000658783 0.00043586 -0.014803 0.00178842 0.000257503 0.00269215 -0.014719 0.0166037 0.00514316 0.0175923
103 0.000317519 0.000338049 -0.0150092 0.00173972 2.47461e-05 0.00273644 -0.0154303 0.017107 0.00529647 0.0177327
104 5.40594e-06 0.000241635 -0.0151315 0.00170505 -0.000243907 0.00289624 -0.0162316 0.0175669 0.00547586 0.0179088
105 -0.000431752 0.000131899 -0.0153249 0.00171426 -0.000528352 0.0029878 -0.0170941 0.0178914 0.00550099 0.0179607
106 -0.000898498 8.35776e-05 -0.0153895 0.00156667 -0.000659478 0.00300243 -0.0181151 0.0186415 0.00552505 0.0180805
107 -0.00129498 6.29915e-05 -0.0155533 0.00161947 -0.00090182 0.00309162 -0.0189811 0.0189722 0.00556924 0.0180691
108 -0.00163663 0.000122437 -0.0156644 0.00170058 -0.00119058 0.00320262 -0.0197326 0.0189774 0.00555655 0.0179268
109 -0.00213478 0.000231087 -0.0157822 0.0017118 -0.00142143 0.00322849 -0.0203303 0.0194137 0.00539263 0.0177255
110 -0.0025638 0.000437332 -0.0158148 0.00176272 -0.00160728 0.00327411 -0.0214357 0.0197462 0.00557158 0.0174363
111 -0.00296992 0.000515288 -0.0159083 0.00171919 -0.00182939 0.00327998 -0.0221401 0.0200207 0.00537168 0.0172971
112 -0.0034303 0.000778946 -0.0159972 0.00170519 -0.00206821 0.00329543 -0.0228204 0.0203713 0.00520697 0.0169879
113 -0.00390379 0.000886696 -0.016036 0.00181597 -0.00222144 0.00328357 -0.0237638 0.0205107 0.00529621 0.0166445
114 -0.00440822 0.00104337 -0.0161818 0.00183247 -0.00253598 0.00330611 -0.0246062 0.020495 0.00513189 0.016464
115 -0.00484472 0.00118181 -0.0162762 0.00193405 -0.00276588 0.00326532 -0.0253967 0.0206103 0.00505994 0.0159695
116 -0.0053116 0.00132127 -0.0163455 0.00191901 -0.00298583 0.00316025 -0.0260421 0.020553 0.00490683 0.0155829
117 -0.00583509 0.00145484 -0.0163898 0.00196896 -0.00320328 0.00302931 -0.0268779 0.0204271 0.00465989 0.0149426
118 -0.00640659 0.00162523 -0.0164815 0.00201772 -0.00341185 0.00302365 -0.0277931 0.0207033 0.00452424 0.0146238
119 -0.00691538 0.00183909 -0.0165167 0.00204825 -0.00370729 0.00280709 -0.0282731 0.0200581 0.00400559 0.0137172
120 -0.00736687 0.00192548 -0.0166094 0.00211491 -0.00391999 0.00268537 -0.0291593 0.01987 0.00386755 0.0132126
121 -0.00789895 0.00211162 -0.0167072 0.00210662 -0.0041249 0.00254257 -0.0300082 0.0197708 0.00376257 0.0125101
122 -0.00847408 0.00223133 -0.0167487 0.00210962 -0.00451101 0.00226596 -0.0306588 0.0193514 0.00315131 0.0118752
123 -0.00896402 0.00241139 -0.016899 0.00213567 -0.00476834 0.00213286 -0.0312818 0.0193106 0.00267522 0.0111564
124 -0.00949469 0.00254087 -0.0169256 0.00208063 -0.00489122 0.00183791 -0.032041 0.0187395 0.00225787 0.0104358
125 -0.0100396 0.00270629 -0.0170466 0.00204661 -0.00524567 0.00166991 -0.0325901 0.0186411 0.00183523 0.00980083
126 -0.010544 0.00290555 -0.0171279 0.00208634 -0.00548514 0.00135712 -0.0330235 0.0179046 0.00137444 0.00874384
127 -0.0110674 0.00302661 -0.0171303 0.00207966 -0.00587481 0.00108778 -0.0334303 0.0175815 0.000704791 0.00808699
128 -0.0115828 0.00314822 -0.0171926 0.00207577 -0.00609931 0.000794214 -0.0340335 0.0171905 0.000229084 0.0074096
129 -0.0120533 0.00329906 -0.0172703 0.00208345 -0.00637214 0.000477266 -0.0343873 0.0165957 -0.000462436 0.00658891
130 -0.0126034 0.00337703 -0.01729 0.00199621 -0.00670003 0.000179854 -0.0347103 0.0160896 -0.00122366 0.00568909
131 -0.0130116 0.00355761 -0.01735 0.00190281 -0.00698211 0.000242007 -0.0348981 0.0156143 -0.00192798 0.00488856
132 -0.013522 0.00356302 -0.0173749 0.00187137 -0.00735878 0.000528713 -0.0350262 0.0151991 -0.00273846 0.00442102
133 -0.0139689 0.0037133 -0.0174076 0.00177991 -0.00772593 0.000973301 -0.0353944 0.0147016 -0.0036113 0.00347812
134 -0.0144413 0.00379435 -0.0173399 0.00177852 -0.00807336 0.00137427 -0.0351494 0.0139223 -0.00456946 0.00270834
135 -0.014809 0.00392441 -0.0173256 0.0017512 -0.00838523 0.00175294 -0.035117 0.0135347 -0.00551432 0.00185198
136 -0.0152124 0.00397282 -0.0173974 0.00165249 -0.00880007 0.00214347 -0.0349918 0.0130966 -0.00641845 0.00124746
137 -0.0156185 0.00407915 -0.0173534 0.00155627 -0.00915134 0.00257429 -0.0348135 0.0125714 -0.00734731 0.000568485
138 -0.0158909 0.00415456 -0.0172924 0.00146251 -0.00951051 0.00294069 -0.0344896 0.0120875 -0.00829639 5.74124e-05
139 -0.0162163 0.0041775 -0.0173238 0.0013657 -0.00988211 0.00334254 -0.034285 0.0117011 -0.0092032 0.000676534
140 -0.0165571 0.00424259 -0.0172511 0.00132813 -0.0103104 0.00374557 -0.0337684 0.0110435 -0.0103205 0.0013826
141 -0.0167805 0.00426699 -0.0172188 0.00125601 -0.0106634 0.00414853 -0.0333562 0.0105621 -0.0112213 0.00196007
142 -0.0170231 0.00425144 -0.0171616 0.00117 -0.0110541 0.004522 -0.0328929 0.0101093 -0.0122932 0.00245567
143 -0.0172348 0.0042336 -0.0170998 0.00108562 -0.0114261 0.00482143 -0.0322788 0.00945601 -0.013251 0.00292904
144 -0.01742 0.0042336 -0.0169922 0.00104732 -0.0118015 0.00526446 -0.031515 0.00876892 -0.0142762 0.00359868
145 -0.0175738 0.00424962 -0.0169503 0.000916745 -0.0121578 0.00560026 -0.0310634 0.0083231 -0.0152128 0.0041195
146 -0.0177286 0.00422308 -0.0168486 0.000834183 -0.0125435 0.00591482 -0.0305063 0.00808797 -0.0162239 0.00454273
147 -0.0178663 0.00420304 -0.0167374 0.000744184 -0.0128098 0.00622205 -0.0297391 0.00737447 -0.0170324 0.00507333
148 -0.0179011 0.0041384 -0.0166524 0.000657498 -0.0132204 0.00651976 -0.0291385 0.00688161 -0.017788 0.00548165
149 -0.0179667 0.00415755 -0.0166207 0.000621579 -0.0135866 0.00680618 -0.028617 0.00633966 -0.0185105 0.00585912
150 -0.0180443 0.00405295 -0.0164956 0.000528401 -0.0138592 0.00699756 -0.0278795 0.00607045 -0.0192562 0.00617263
151 -0.01811 0.0040482 -0.016444 0.000516861 -0.0142054 0.00726514 -0.0272808 0.0055832 -0.0200191 0.006443
152 -0.0181588 0.00400262 -0.0163895 0.000434805 -0.0144867 0.00746964 -0.0269889 0.00513576 -0.020482 0.00686583
153 -0.0181799 0.0038965 -0.0163734 0.000376969 -0.0147925 0.0076237 -0.0262678 0.00472004 -0.021186 0.00697041
154 -0.0181762 0.00387493 -0.0162596 0.000276014 -0.0150515 0.00780628 -0.0256543 0.00437075 -0.0217222 0.00718662
155 -0.0181033 0.00378825 -0.0162481 0.000257459 -0.0153255 0.0078875 -0.0251145 0.00392635 -0.0221183 0.00752677
156 -0.018162 0.00373029 -0.016189 0.000251379 -0.0155912 0.00802423 -0.0245692 0.00322834 -0.0226245 0.00780295
157 -0.01813 0.00362391 -0.0161522 0.000290656 -0.0158175 0.00800757 -0.0242798 0.00292611 -0.0230078 0.00799296
158 -0.0181242 0.00354593 -0.0161744 0.000166896 -0.016065 0.00811057 -0.0239297 0.00268512 -0.0233962 0.00818148
159 -0.0180563 0.00344592 -0.0161681 0.000244535 -0.0162785 0.00807783 -0.0234842 0.00212562 -0.0235748 0.00837888
160 -0.0180592 0.00332964 -0.0162044 0.000306415 -0.0165318 0.00805173 -0.0231051 0.00151116 -0.0239515 0.00848828
161 -0.0179803 0.00328482 -0.016208 0.000279637 -0.0167108 0.00798683 -0.0227249 0.00133122 -0.0241609 0.00861595
162 -0.0179402 0.00316227 -0.0162295 0.00026431 -0.0169246 0.00793767 -0.0224685 0.00113088 -0.0243714 0.00854484
163 -0.0179294 0.00306693 -0.016268 0.000307379 -0.0170135 0.00786902 -0.022351 0.000801939 -0.0242912 0.00864349
164 -0.0178477 0.00297473 -0.0163121 0.000319441 -0.0171925 0.00767884 -0.021937 0.000364159 -0.024392 0.00868184
165 -0.0177819 0.0028673 -0.0163363 0.00037611 -0.0173741 0.00752682 -0.0217746 6.51291e-05 -0.0244849 0.00876596
166 -0.0177366 0.00275055 -0.0164101 0.00040904 -0.01747 0.00731386 -0.0217354 0.00027992 -0.0244321 0.00869033
167 -0.0176623 0.00269994 -0.0163955 0.000513311 -0.0176609 0.00707596 -0.021343 0.000597843 -0.0245475 0.00865976
168 -0.0175891 0.00251569 -0.0164548 0.000592722 -0.017776 0.00688719 -0.0214356 0.000930504 -0.0243244 0.00857262
169 -0.0175131 0.00246002 -0.0165345 0.000599594 -0.0178742 0.00656724 -0.0213314 0.000994334 -0.0241632 0.00848838
170 -0.0173829 0.00231824 -0.0165912 0.000730476 -0.0179759 0.00623431 -0.0210749 0.00132383 -0.0241927 0.00829963
171 -0.0173031 0.00210559 -0.0166324 0.000750586 -0.0181295 0.00590775 -0.0208532 0.00164525 -0.0240432 0.00813966
172 -0.0171605 0.00199568 -0.0166854 0.000836163 -0.0181922 0.00552634 -0.0207988 0.00179221 -0.0239222 0.00800134
173 -0.0170577 0.001933 -0.0167401 0.000901343 -0.0183189 0.00518557 -0.0206541 0.00177871 -0.0239122 0.00771436
174 -0.0169476 0.00179007 -0.0168009 0.00100121 -0.0183672 0.0047284 -0.0203863 0.00207404 -0.0237348 0.00760342
175 -0.0168005 0.00158099 -0.0167763 0.00108284 -0.0185025 0.00435288 -0.0202028 0.00234608 -0.0235948 0.00721565
176 -0.0166275 0.00152318 -0.0168591 0.00118547 -0.0185535 0.00389021 -0.0199398 0.0025387 -0.0234809 0.00712894
177 -0.0164084 0.00134241 -0.0168252 0.00119961 -0.0186346 0.00344811 -0.0197322 0.00260483 -0.0233741 0.00688527
178 -0.0162528 0.00124046 -0.0168235 0.00133031 -0.0187474 0.00305659 -0.0191775 0.00291853 -0.0232458 0.00671733
179 -0.0160541 0.00106362 -0.0168235 0.00139563 -0.018832 0.00256802 -0.018977 0.00321453 -0.0232392 0.00641822
180 -0.0158346 0.00092472 -0.0169008 0.00149307 -0.0190047 0.00212865 -0.0184577 0.00342995 -0.023211 0.00604791
181 -0.0157298 0.000808107 -0.0168691 0.00159169 -0.0190918 0.00165686 -0.0181981 0.00365886 -0.0232597 0.0060006
182 -0.0154423 0.000619292 -0.0168584 0.00168211 -0.0192144 0.00117256 -0.0176511 0.00389794 -0.0231692 0.00571521
183 -0.0152316 0.00051132 -0.0168596 0.00173658 -0.0193663 0.000726253 -0.0171708 0.00418044 -0.0232927 0.00564646
184 -0.0150796 0.000360638 -0.0168248 0.00183201 -0.0195085 0.00023879 -0.0165536 0.00430144 -0.0233865 0.00530348
185 -0.0148799 0.000264784 -0.0167898 0.00189862 -0.0196283 0.000166646 -0.016097 0.00461368 -0.023317 0.00515439
186 -0.0146415 7.58041e-05 -0.0167821 0.00201477 -0.0197388 0.0007021 -0.0155954 0.00498042 -0.0233758 0.0050064
187 -0.0144296 5.38655e-05 -0.016674 0.00206342 -0.0198541 0.00112159 -0.0148518 0.0052208 -0.0234173 0.00475356
188 -0.0141896 0.000175541 -0.016693 0.00210604 -0.0200613 0.00157159 -0.0143164 0.00545209 -0.0236694 0.00458874
189 -0.0139924 0.000274085 -0.0166211 0.00216054 -0.020121 0.00197316 -0.0137178 0.00574496 -0.0237693 0.00445878
190 -0.0138269 0.000418873 -0.016543 0.00219078 -0.0203098 0.00238385 -0.0130772 0.00617155 -0.0238787 0.00428502
191 -0.0136047 0.000601651 -0.016543 0.00223383 -0.0204265 0.00285636 -0.0124362 0.0064131 -0.0238714 0.00391187
192 -0.0133806 0.00074562 -0.0165061 0.00233651 -0.0205714 0.00322564 -0.011917 0.00688806 -0.0240205 0.0039294
193 -0.0132593 0.000901648 -0.0163913 0.00234478 -0.0206568 0.00354143 -0.0113385 0.00733618 -0.0241084 0.00396599
194 -0.0130668 0.00100154 -0.0163197 0.00240012 -0.0208123 0.00386124 -0.0105922 0.00757578 -0.0242082 0.00373519
195 -0.0129436 0.00115579 -0.0163274 0.00237777 -0.0209571 0.0042064 -0.0101197 0.00803696 -0.0242114 0.00368015
196 -0.0127774 0.00130943 -0.016253 0.00232995 -0.0210636 0.00444955 -0.00956851 0.00844573 -0.0243837 0.00352527
197 -0.0126178 0.00142994 -0.0162324 0.00235496 -0.0211684 0.0047116 -0.0090535 0.00880586 -0.0244373 0.00347786
198 -0.0125046 0.0016356 -0.0161885 0.00237074 -0.0212627 0.00500353 -0.00864932 0.00937787 -0.0244344 0.00349932
199 -0.0124038 0.00173617 -0.0161542 0.00239308 -0.0213996 0.00518055 -0.00820062 0.00967597 -0.0245252 0.00345037
200 -0.0122946 0.00185702 -0.0161432 0.00235437 -0.0215031 0.00539906 -0.00785581 0.0100046 -0.0244621 0.00332081
201 -0.0121866 0.00199755 -0.0161155 0.0023216 -0.0215317 0.00556074 -0.00740101 0.010351 -0.0245392 0.0032415
202 -0.0121205 0.00217825 -0.016134 0.00230475 -0.0216351 0.00567774 -0.00700798 0.0108326 -0.0246032 0.00325814
203 -0.0120671 0.00225693 -0.0161533 0.00226621 -0.021767 0.00579584 -0.00680626 0.0112749 -0.0246556 0.00335202
204 -0.012016 0.00232174 -0.016118 0.00219475 -0.0218326 0.00585947 -0.00641745 0.0116423 -0.0246352 0.00339783
205 -0.0119568 0.0024806 -0.016097 0.00222886 -0.0219162 0.00597162 -0.00615371 0.0120792 -0.0245063 0.00338814
206 -0.0118996 0.00262877 -0.0160904 0.00218252 -0.0219767 0.00602826 -0.00588465 0.0126096 -0.0245594 0.00338492
207 -0.0118645 0.002698 -0.0160253 0.00216096 -0.0219854 0.00606469 -0.00571662 0.0128728 -0.0244702 0.00345275
208 -0.0117951 0.0027592 -0.0160471 0.00207742 -0.0220037 0.00603836 -0.00550327 0.0133117 -0.0243206 0.00368712
209 -0.0118195 0.00290857 -0.0160658 0.00209116 -0.0220589 0.00606513 -0.00537735 0.0136776 -0.0242263 0.00366225
210 -0.0117723 0.00298909 -0.016078 0.00204321 -0.0220152 0.00595923 -0.00528596 0.0140729 -0.0241788 0.00378519
211 -0.0117219 0.00308872 -0.0161001 0.0020311 -0.0220606 0.00589871 -0.00516584 0.0145579 -0.0239374 0.00391673
212 -0.0117036 0.00311894 -0.0160446 0.00203905 -0.0220985 0.00586198 -0.00493173 0.0150371 -0.0239465 0.00418176
213 -0.0117219 0.00314533 -0.0160549 0.00202662 -0.0220359 0.00570085 -0.00482714 0.0155124 -0.0237827 0.00446048
214 -0.0117058 0.0032176 -0.0160698 0.00199863 -0.0220105 0.00552498 -0.00488699 0.015961 -0.0235801 0.00466816
215 -0.0116912 0.00323358 -0.016095 0.00194148 -0.0219474 0.00541144 -0.00486502 0.0162126 -0.0234191 0.00498921
216 -0.0116571 0.00325947 -0.0160716 0.00197746 -0.0219179 0.00528539 -0.00471961 0.0167897 -0.0231767 0.00516206
217 -0.0116268 0.00337671 -0.0160642 0.00195535 -0.0218216 0.0050459 -0.00475031 0.0173811 -0.0229821 0.00562611
218 -0.0116626 0.0033725 -0.0160513 0.00198339 -0.0217735 0.00485741 -0.00483853 0.0177975 -0.0227795 0.0058149
219 -0.0116092 0.00334398 -0.0160379 0.00194407 -0.0216852 0.00465009 -0.00489797 0.0181725 -0.0225009 0.00618344
220 -0.0116638 0.00336116 -0.0160423 0.00193521 -0.0216371 0.00452032 -0.00495183 0.0183719 -0.0223787 0.00640733
221 -0.0116196 0.00337862 -0.0159463 0.00192795 -0.0214996 0.00423699 -0.00502625 0.0189459 -0.0219987 0.00672727
222 -0.0116346 0.00340897 -0.015931 0.00192086 -0.0213868 0.00398538 -0.00518705 0.0194581 -0.0217351 0.0070888
223 -0.0115972 0.00336257 -0.0158404 0.00193201 -0.0212578 0.00378297 -0.00527262 0.019707 -0.0215183 0.0074224
224 -0.0116567 0.00334005 -0.0157968 0.00186957 -0.0210877 0.00347492 -0.00540566 0.0199397 -0.0212621 0.00776749
225 -0.0116508 0.00330594 -0.015725 0.00187541 -0.0209551 0.00325467 -0.00557142 0.0203066 -0.0209417 0.0080911
226 -0.0116283 0.00330639 -0.0156861 0.00194422 -0.020785 0.00298044 -0.00586212 0.0208576 -0.0205979 0.0084938
227 -0.0116654 0.00322388 -0.0155936 0.00185751 -0.0206387 0.00274357 -0.00605982 0.0209577 -0.0202958 0.00895313
228 -0.0116833 0.00312319 -0.0155176 0.00180518 -0.0204164 0.00249412 -0.00631643 0.0212209 -0.0198286 0.00934125
229 -0.0117514 0.0031222 -0.0154346 0.00175637 -0.0202472 0.00217535 -0.00660316 0.0213787 -0.0195977 0.00961271
230 -0.0117979 0.00305729 -0.0152787 0.00180847 -0.0199958 0.00193101 -0.00676045 0.0217129 -0.0193049 0.0100678
231 -0.011814 0.00300387 -0.0152085 0.00176633 -0.0197889 0.00165977 -0.00725787 0.0216828 -0.0187298 0.0103306
232 -0.0118451 0.00290715 -0.0150435 0.00168019 -0.0195284 0.00141039 -0.00742896 0.021768 -0.0184571 0.0106329
233 -0.0119186 0.00281558 -0.014917 0.00167857 -0.0192776 0.00112821 -0.00792195 0.0220868 -0.0180504 0.0112112
234 -0.0119818 0.00276682 -0.014743 0.001658 -0.0190348 0.00090071 -0.00823921 0.0221405 -0.0176674 0.0114
235 -0.0120345 0.00268004 -0.014637 0.00154384 -0.0187806 0.00066619 -0.00869151 0.0221746 -0.0171845 0.0116586
236 -0.0120722 0.00262112 -0.0143805 0.00145767 -0.0185171 0.000413857 -0.00900003 0.0220102 -0.0169023 0.0118566
237 -0.0121047 0.0025092 -0.0142088 0.00147669 -0.0181547 0.000207486 -0.00945166 0.0222535 -0.0163428 0.0121807
238 -0.0120943 0.00244849 -0.0139741 0.00139391 -0.0179032 4.37626e-05 -0.00962131 0.022204 -0.0159572 0.0124537
239 -0.0121705 0.00245149 -0.013739 0.00129148 -0.0175602 0.000211898 -0.00998047 0.0222574 -0.0155741 0.0126547
240 -0.012162 0.00231342 -0.0134303 0.00123882 -0.0172137 0.00040862 -0.0103422 0.0221326 -0.0150937 0.0129249
241 -0.0121138 0.00224938 -0.0131427 0.00115423 -0.0168494 0.000539963 -0.0104925 0.021987 -0.0145824 0.0129385
242 -0.0121693 0.00216664 -0.0128854 0.00108612 -0.0164568 0.00071503 -0.0107387 0.0222063 -0.0143481 0.0132419
243 -0.012144 0.00211316 -0.012567 0.000950653 -0.0161211 0.000948621 -0.0111228 0.0219427 -0.01388 0.0133879
244 -0.0121086 0.00203047 -0.0122163 0.000887569 -0.0157416 0.00105951 -0.0111764 0.0220497 -0.0134707 0.0136273
245 -0.0119991 0.0019868 -0.0118783 0.000817795 -0.0152879 0.00115123 -0.0114826 0.0218387 -0.0129334 0.0135968
246 -0.0119049 0.00188759 -0.0115334 0.000694739 -0.0148668 0.00133715 -0.0115102 0.0217243 -0.0124908 0.0138243
247 -0.0118061 0.00181681 -0.0111308 0.000570722 -0.0144683 0.00142931 -0.0115699 0.0214324 -0.0120219 0.0138101
248 -0.0117012 0.00182369 -0.0107465 0.000478057 -0.0140287 0.00154997 -0.0116061 0.0213046 -0.0116764 0.0138275
249 -0.011521 0.00178163 -0.0103695 0.000372681 -0.0135833 0.00163958 -0.0116101 0.0211944 -0.0112691 0.013957
250 -0.0113473 0.00174688 -0.00996902 0.000236063 -0.0131666 0.00170665 -0.0114691 0.0208474 -0.0108329 0.013697
251 -0.0111184 0.00165542 -0.0095306 0.00015961 -0.0127104 0.00181003 -0.0114992 0.0206998 -0.0102964 0.0139105
252 -0.0109047 0.00167572 -0.00906841 1.6574e-05 -0.0122352 0.001892 -0.0113283 0.0204566 -0.00983001 0.0137081
253 -0.0106713 0.00168623 -0.00865566 8.06481e-05 -0.0117195 0.00192424 -0.0112289 0.0203423 -0.00928945 0.0135493
254 -0.0104109 0.00166553 -0.00812935 0.000210921 -0.011251 0.00196517 -0.0109513 0.0199935 -0.00890259 0.0134204
255 -0.0101137 0.00162935 -0.00769767 0.000354727 -0.0107436 0.00200925 -0.0108173 0.0196263 -0.00829312 0.013168
256 -0.0098523 0.00165001 -0.0072173 0.000469316 -0.0102609 0.00198631 -0.0106579 0.0193131 -0.00779364 0.0128878
257 -0.0095048 0.00168094 -0.0067511 0.000626694 -0.00974522 0.00201898 -0.0102918 0.0191662 -0.00727467 0.0128813
258 -0.00914465 0.00169997 -0.00618934 0.000788034 -0.00920141 0.00201446 -0.00991721 0.0187372 -0.00680029 0.0123878
259 -0.00876078 0.00170499 -0.00569366 0.000941216 -0.00865543 0.00193358 -0.00970014 0.0181577 -0.00606878 0.0121848
260 -0.00841343 0.00172194 -0.00511804 0.00108695 -0.00808011 0.00194944 -0.00938819 0.0176996 -0.0055811 0.0117535
261 -0.00798821 0.00174857 -0.00456523 0.00123802 -0.00749172 0.00191385 -0.00894555 0.0172653 -0.00499345 0.0113634
262 -0.00757818 0.00177594 -0.0039597 0.00135745 -0.00688413 0.00182682 -0.00866194 0.0167758 -0.00433501 0.0109841
263 -0.00711764 0.00183046 -0.00332182 0.00155026 -0.00621628 0.00179557 -0.00815419 0.0163566 -0.00363317 0.0105758
264 -0.00668088 0.00187993 -0.00268505 0.00169462 -0.00555331 0.0017159 -0.00778624 0.0157894 -0.00300043 0.00996726
265 -0.00612688 0.00193694 -0.0019763 0.00184516 -0.00484067 0.0016653 -0.00715173 0.0150467 -0.00229887 0.00951405
266 -0.00559284 0.00199462 -0.00129976 0.00207534 -0.00415662 0.00155622 -0.00657568 0.0144027 -0.00161587 0.00900543
267 -0.00501406 0.00197366 -0.000518064 0.00218925 -0.00337298 0.00149989 -0.00592928 0.013801 -0.000829028 0.00846616
268 -0.00438171 0.00207262 0.000235184 0.0023789 -0.00253452 0.00142349 -0.0053247 0.0132431 -8.94981e-06 0.00780003
269 -0.00374714 0.00204422 0.0010706 0.002505 -0.00174124 0.00131081 -0.00465703 0.0124918 0.000867829 0.00719748
270 -0.00309874 0.00211019 0.00195619 0.00268057 -0.000844815 0.00119669 -0.00396542 0.0116314 0.00172492 0.00665998
271 -0.00232764 0.00212378 0.00293117 0.00289527 9.12607e-05 0.00110157 -0.00300766 0.0108696 0.00253919 0.00599979
272 -0.00157475 0.00217874 0.00387597 0.00307865 0.00105856 0.00107936 -0.00224362 0.0102366 0.00357453 0.00532797
273 -0.000771344 0.00221043 0.00488714 0.00322886 0.00208355 0.000939698 -0.00128385 0.00942392 0.0044623 0.00461949
274 8.68572e-05 0.00221671 0.0059151 0.00346364 0.00318109 0.000810398 -0.000400752 0.00849897 0.00556675 0.0039509
275 0.000979164 0.00224278 0.00710556 0.00359628 0.00431958 0.000677673 0.000728545 0.00766947 0.00655467 0.00324755
276 0.00197954 0.00221685 0.00825858 0.00376165 0.00554214 0.000582154 0.00175781 0.00687321 0.00777935 0.00267823
277 0.00300907 0.00224289 0.00955573 0.00394629 0.00682379 0.000512368 0.00303709 0.00612422 0.00887924 0.00180548
278 0.00407696 0.00219436 0.0108756 0.00413286 0.00819825 0.000392184 0.00430179 0.00514954 0.0100601 0.00124551
279 0.00519976 0.00223189 0.012302 0.00427219 0.00959096 0.00025461 0.00570062 0.00438951 0.011309 0.000399057
280 0.00642986 0.00219907 0.0137793 0.00444629 0.0110244 0.000189124 0.00713138 0.00347747 0.0126506 0.000283526
281 0.00771749 0.00216799 0.0152938 0.00461203 0.0126024 0.000111233 0.00873039 0.00260158 0.013977 0.000944624
282 0.00901735 0.00212697 0.0169591 0.00481365 0.0142677 8.18713e-06 0.010289 0.00164832 0.0155111 0.0017049
283 0.0104058 0.00206858 0.0186572 0.00495042 0.0159393 7.80055e-05 0.0119654 0.000899472 0.0169347 0.00235735
284 0.0119472 0.00205797 0.020445 0.0050519 0.0177146 0.000118576 0.0138489 0.000290476 0.0185583 0.00295962
285 0.0135032 0.001995 0.0222961 0.00522814 0.0195652 0.000191776 0.0157968 0.000691714 0.0202069 0.00362259
286 0.0151578 0.00194109 0.0241923 0.00533721 0.0214627 0.000265081 0.0178423 0.00144332 0.0219358 0.00410645
287 0.0168894 0.00184585 0.0262222 0.00551303 0.0234672 0.000283897 0.0200431 0.00217898 0.0237375 0.00474887
288 0.0186918 0.00177389 0.0282963 0.00562388 0.0254736 0.000304816 0.0223185 0.00277003 0.0255573 0.00526452
289 0.0205633 0.00169227 0.0304709 0.00572539 0.0275704 0.000341875 0.0246982 0.00361598 0.0274968 0.0058141
290 0.0224407 0.00161376 0.0325834 0.00585546 0.0297417 0.000356875 0.0270591 0.00437635 0.029592 0.00642332
291 0.0244289 0.00155374 0.0348696 0.00595676 0.0318654 0.000408485 0.0298176 0.00493098 0.0313611 0.00689201
292 0.0264145 0.00146468 0.0370846 0.00602929 0.0340621 0.000402694 0.0322216 0.00549107 0.0335999 0.00726465
293 0.0284934 0.00135886 0.0393866 0.00611949 0.0362261 0.000411392 0.035002 0.00622955 0.0355443 0.00783649
294 0.0305575 0.00125994 0.0416771 0.00622864 0.0384053 0.000397381 0.0378134 0.00662031 0.0375691 0.00814564
295 0.0326329 0.00120599 0.04393 0.00627377 0.040635 0.000433995 0.0404473 0.00718769 0.0396685 0.00850742
296 0.0346945 0.00111639 0.0461528 0.00634209 0.0427494 0.000415725 0.0432491 0.0075682 0.0417339 0.00899341
297 0.0367043 0.00102208 0.0483198 0.00638924 0.0447654 0.000431646 0.0458311 0.0080677 0.0435818 0.00923745
298 0.0386016 0.000936905 0.0504262 0.00644148 0.046784 0.000387549 0.0485261 0.00858179 0.0454399 0.00970794
299 0.0405436 0.000850316 0.0524083 0.00646581 0.0487229 0.000362123 0.0510404 0.00882657 0.0471792 0.0100377
300 0.0388904 0.000948875 0.0507168 0.00648089 0.0470654 0.000426838 0.0493449 0.00896851 0.0449587 0.0103574
301 0.0371716 0.000970744 0.0487575 0.00644034 0.0452281 0.000377597 0.047586 0.00916332 0.0425487 0.0105452
302 0.0352662 0.00105607 0.0468123 0.00641523 0.043319 0.000402552 0.0456304 0.00939874 0.0400707 0.0110204
303 0.0334135 0.00114407 0.0447441 0.00636098 0.0413438 0.000448704 0.0436515 0.00941096 0.0375215 0.0113648
304 0.0314709 0.00124547 0.0426354 0.00631693 0.0393706 0.000431451 0.0415787 0.00955962 0.0348736 0.0117576
305 0.0294871 0.0013358 0.0404795 0.00624961 0.0373167 0.000445146 0.0394461 0.00956745 0.0322234 0.0121277
306 0.0275007 0.00139339 0.0383163 0.00620273 0.0351562 0.000410046 0.037368 0.00975159 0.0294873 0.0123398
307 0.0255327 0.00149787 0.0361199 0.00609371 0.0330539 0.000422434 0.0353698 0.00951901 0.0268415 0.0124864
308 0.0235659 0.00160813 0.0339252 0.00600332 0.0309812 0.000410155 0.0332132 0.00954906 0.0241866 0.0128086
309 0.0216938 0.00169824 0.031824 0.00593366 0.0288802 0.000415453 0.0312055 0.00962485 0.0216132 0.0130443
310 0.0198234 0.00176106 0.0296566 0.00583122 0.0268582 0.000358343 0.029211 0.00957818 0.0191839 0.0131989
311 0.0180673 0.00183988 0.0276707 0.00570119 0.0247979 0.000340049 0.0273512 0.00943139 0.0167457 0.0133685
312 0.0163147 0.00192175 0.0256235 0.00560082 0.022816 0.000301329 0.0255497 0.00917982 0.0143002 0.0134543
313 0.0146361 0.00200157 0.0236812 0.00548583 0.0209277 0.000277943 0.023889 0.00909918 0.0119805 0.0136621
314 0.0130158 0.00209717 0.0217787 0.00531098 0.0190373 0.000252027 0.0221309 0.00897024 0.00987062 0.0138062
315 0.0114804 0.00215943 0.0200103 0.00520059 0.0172618 0.000177935 0.0207149 0.00867818 0.00770325 0.013795
316 0.0100345 0.00222104 0.0182879 0.00501985 0.0155256 0.000100519 0.0192306 0.00851664 0.00564 0.0138119
317 0.00859771 0.00223665 0.0166251 0.00491925 0.013869 6.18656e-05 0.0176912 0.00838737 0.00379495 0.0137685
318 0.00731311 0.00228886 0.015051 0.00478008 0.0123149 2.91673e-05 0.0163867 0.0082054 0.00197593 0.0137793
319 0.00611005 0.00232993 0.0135006 0.00457817 0.0107592 0.000130068 0.0150915 0.00787573 0.00037167 0.0136515
320 0.00491452 0.00236388 0.0120954 0.00441 0.00929266 0.000213344 0.0140698 0.00767083 -0.00140636 0.0136641
321 0.00377116 0.00239529 0.0107333 0.00423315 0.00796365 0.000279885 0.0129021 0.0073017 -0.00290277 0.0133861
322 0.00273484 0.0023555 0.00941156 0.00409461 0.00667267 0.00041841 0.011911 0.0071639 -0.00442017 0.0131416
323 0.00174294 0.00240185 0.00818958 0.00390279 0.00539527 0.000543149 0.0108351 0.00678389 -0.00568083 0.013125
324 0.000787689 0.00237662 0.00698848 0.00372068 0.00420593 0.00061089 0.0099385 0.00655393 -0.00709736 0.0128714
325 -0.000141147 0.00239867 0.00591965 0.00355329 0.00307001 0.000705098 0.00893704 0.00625728 -0.00831201 0.0126991
326 -0.000966063 0.00236854 0.00481325 0.0034152 0.00201679 0.000840845 0.00818414 0.0059321 -0.00948275 0.0124012
327 -0.00175661 0.00236749 0.00386546 0.00318103 0.00100141 0.000967473 0.00750371 0.00542795 -0.010553 0.0119516
328 -0.0025041 0.00233286 0.00292833 0.00303258 4.9229e-05 0.00110617 0.00663985 0.00522272 -0.0115862 0.0117488
329 -0.00319761 0.00227511 0.00205197 0.00284914 -0.000847277 0.00112639 0.00577449 0.00496377 -0.0124903 0.0114443
330 -0.00391781 0.00225393 0.00113761 0.00263315 -0.001717 0.00122232 0.00507266 0.00472692 -0.0134307 0.0112763
331 -0.00451147 0.00218757 0.000312849 0.00245797 -0.0025554 0.00133592 0.00441197 0.00433203 -0.0143283 0.0107993
332 -0.00509727 0.00220877 -0.000464624 0.00233641 -0.00329247 0.00144606 0.00373354 0.00405045 -0.0149136 0.0105486
333 -0.00568377 0.00211013 -0.00117035 0.00214382 -0.00407532 0.00152065 0.00307426 0.00406946 -0.0156745 0.0103462
334 -0.00622521 0.00212768 -0.00190821 0.00202947 -0.00480991 0.00157493 0.00240646 0.00368463 -0.0163133 0.0101024
335 -0.00671426 0.00206708 -0.00254186 0.00180006 -0.00545145 0.00168378 0.00187214 0.00337421 -0.0169363 0.00963344
336 -0.00723133 0.00200358 -0.00320803 0.00165097 -0.00612099 0.00173223 0.00122213 0.00319123 -0.0175685 0.0093145
337 -0.00763433 0.00196167 -0.00381162 0.00150848 -0.00674786 0.0018093 0.000744708 0.00316085 -0.0180529 0.00919539
338 -0.00806175 0.00189693 -0.00441864 0.00131811 -0.00738126 0.0018432 0.000294852 0.00295333 -0.0186536 0.00884611
339 -0.00843999 0.00186581 -0.00499336 0.00119678 -0.00795638 0.00192764 -0.000330785 0.00292807 -0.018929 0.00855661
340 -0.00883487 0.00183353 -0.00552048 0.00104867 -0.00851539 0.00196099 -0.000697163 0.00272148 -0.0194775 0.00834674
341 -0.00915761 0.00181356 -0.00606986 0.000903983 -0.00906809 0.00194381 -0.00120222 0.00265616 -0.0197505 0.00812036
342 -0.00951526 0.00180844 -0.00654396 0.000752692 -0.00958818 0.00202478 -0.00152872 0.00245298 -0.0201441 0.00782536
343 -0.00985241 0.00178311 -0.00708282 0.000593014 -0.0101109 0.00202344 -0.00207535 0.00241527 -0.0204735 0.00766065
344 -0.0101782 0.00174891 -0.00753186 0.000434634 -0.0106124 0.00198984 -0.0025338 0.00251572 -0.0206975 0.00749367
345 -0.0104207 0.00172637 -0.00799736 0.00031908 -0.0110725 0.00201239 -0.00286421 0.00246084 -0.0209569 0.00730948
346 -0.0106955 0.00176024 -0.00841203 0.000175725 -0.0115653 0.00196867 -0.00306676 0.00234301 -0.0213003 0.00725621
347 -0.0109402 0.00177926 -0.0089215 4.54034e-05 -0.0120211 0.00192544 -0.00358505 0.00247592 -0.0214661 0.00719624
348 -0.0111585 0.00176911 -0.00932258 4.77688e-05 -0.0125232 0.00189077 -0.00384033 0.00252701 -0.0216746 0.00702918
349 -0.0113527 0.00174566 -0.00976844 0.00019613 -0.0129886 0.00180494 -0.00416097 0.00281109 -0.0216668 0.00704056
350 -0.0115659 0.00183263 -0.0101938 0.000269807 -0.0134303 0.00170012 -0.00447789 0.00275931 -0.0218361 0.00710712
351 -0.0117306 0.00186631 -0.0105816 0.00040874 -0.0138417 0.00162978 -0.00466046 0.00287619 -0.0218914 0.00707293
352 -0.0118935 0.00190397 -0.0109481 0.000513548 -0.0142761 0.00153795 -0.00498314 0.00309732 -0.0220011 0.00722161
353 -0.0119861 0.0018999 -0.01132 0.000609506 -0.0147099 0.00141333 -0.00508651 0.00331421 -0.0221652 0.0072145
354 -0.0120711 0.00196403 -0.0117075 0.000731245 -0.015103 0.0013122 -0.00543348 0.00342742 -0.0220091 0.00739065
355 -0.0121545 0.00206009 -0.0120465 0.000857064 -0.0155159 0.0011264 -0.00572253 0.00373748 -0.021989 0.00770411
356 -0.0122524 0.00210042 -0.0123717 0.000922767 -0.0159646 0.00102926 -0.00586545 0.00417451 -0.0220904 0.00776331
357 -0.0122779 0.00217808 -0.0127135 0.000985395 -0.0163375 0.000919906 -0.00614503 0.00434952 -0.02188 0.00806471
358 -0.0122955 0.00223206 -0.0130187 0.0011238 -0.0166669 0.000681534 -0.00635607 0.00478737 -0.0216434 0.0084371
359 -0.0122348 0.00230728 -0.0132651 0.00118745 -0.0170512 0.000500207 -0.00647857 0.00542978 -0.0214938 0.0087984
360 -0.01227 0.00237148 -0.0135435 0.00127107 -0.0174147 0.000372092 -0.0065748 0.00564301 -0.0214425 0.00911792
361 -0.0122731 0.00250726 -0.0138414 0.00132314 -0.0177558 0.000169232 -0.00679317 0.0061528 -0.0211797 0.00955937
362 -0.0121923 0.0024985 -0.0140687 0.00142479 -0.0180947 8.87151e-05 -0.00691721 0.00659331 -0.021037 0.00993275
363 -0.0121974 0.00255559 -0.014294 0.00150665 -0.018342 0.000253749 -0.00717198 0.00724339 -0.0206821 0.0103947
364 -0.0121609 0.00266264 -0.0144601 0.00148395 -0.0186984 0.000464666 -0.0072118 0.00796219 -0.0205008 0.010953
365 -0.0121163 0.00272013 -0.0147055 0.00156704 -0.0189621 0.000719646 -0.00727506 0.0084836 -0.0203367 0.0114708
366 -0.0120608 0.00279971 -0.014806 0.00167872 -0.0192073 0.000952212 -0.00732974 0.00913799 -0.0200272 0.0121141
367 -0.0119958 0.00284584 -0.0149755 0.00170272 -0.0194489 0.00117905 -0.00748099 0.00973984 -0.0197923 0.0126522
368 -0.0119245 0.00292848 -0.0150956 0.00169769 -0.019693 0.00146065 -0.00748148 0.0105738 -0.0195656 0.0132383
369 -0.0118896 0.00302077 -0.0152554 0.00178481 -0.0199528 0.00171297 -0.00766071 0.0113636 -0.0193813 0.0138965
370 -0.0118745 0.00306579 -0.0153221 0.00182845 -0.0201533 0.00198203 -0.00776225 0.0120911 -0.0190675 0.0145146
371 -0.0118266 0.00312884 -0.0154691 0.00177169 -0.0203945 0.00222653 -0.00777558 0.0129746 -0.0189573 0.0154028
372 -0.0117596 0.00312686 -0.0155515 0.00181809 -0.0205602 0.00254566 -0.00776839 0.0139314 -0.0187478 0.0159676
373 -0.0117456 0.00321585 -0.0156178 0.00187249 -0.0207817 0.00278902 -0.00788941 0.0145509 -0.0186209 0.0167164
374 -0.0117031 0.00329665 -0.0157087 0.00195957 -0.0209239 0.00302354 -0.0080106 0.014968 -0.0183461 0.017184
375 -0.011731 0.00329284 -0.0157489 0.00188583 -0.0210898 0.0032951 -0.00818551 0.0161207 -0.0182422 0.0178656
376 -0.0117318 0.00332408 -0.0158123 0.00187968 -0.021218 0.00351024 -0.00819324 0.0167396 -0.0181333 0.0184577
377 -0.0116771 0.00333944 -0.0158543 0.00194384 -0.0213822 0.00380888 -0.00814933 0.0175783 -0.0179875 0.0191619
378 -0.0117144 0.00338068 -0.0159412 0.00193358 -0.0215093 0.00401091 -0.0083331 0.0181251 -0.0178629 0.0194954
379 -0.0116958 0.00335158 -0.0159584 0.00194337 -0.0216169 0.00425819 -0.00831745 0.0190028 -0.0176881 0.0200913
380 -0.0117396 0.00332993 -0.0160485 0.00194964 -0.0217477 0.00453839 -0.00841347 0.0197823 -0.0176321 0.0206444
381 -0.0116895 0.00330896 -0.0160449 0.0019621 -0.0217941 0.00466105 -0.00834431 0.0203019 -0.0174662 0.0208732
382 -0.0117418 0.00333366 -0.0160561 0.00200325 -0.0218846 0.00486428 -0.00848563 0.0209049 -0.0173872 0.021412
383 -0.0116988 0.00333313 -0.0160653 0.00197526 -0.0219242 0.00504652 -0.00847055 0.0215926 -0.0172488 0.0217102
384 -0.0117298 0.00321526 -0.0160751 0.00200265 -0.0220147 0.00527735 -0.00852245 0.0222218 -0.0170589 0.02208
385 -0.01176 0.00319168 -0.016098 0.00196704 -0.0220459 0.00540045 -0.00849402 0.0226604 -0.01703 0.0222157
386 -0.0117697 0.00317066 -0.0160695 0.00203101 -0.0221069 0.00550588 -0.00851948 0.0228476 -0.0169418 0.0222981
387 -0.0117852 0.00310119 -0.0160549 0.00206095 -0.0221374 0.00567371 -0.00846271 0.0231538 -0.0168267 0.0224236
388 -0.0117628 0.00307006 -0.0160429 0.00207671 -0.0221907 0.00583646 -0.00842128 0.0234075 -0.0167825 0.0226098
389 -0.0117797 0.00304278 -0.0160989 0.00207405 -0.0221526 0.00587041 -0.00841284 0.0233728 -0.0166339 0.0223113
390 -0.0118232 0.00294051 -0.0160782 0.0020868 -0.0221066 0.00592302 -0.00849485 0.0236287 -0.0166344 0.0223228
391 -0.0118657 0.00286432 -0.0160638 0.00213966 -0.0221405 0.00602308 -0.00828655 0.023699 -0.0167147 0.0222083
392 -0.0118379 0.00271658 -0.0160478 0.00212833 -0.022084 0.00598579 -0.00834873 0.0234568 -0.0165305 0.0218004
393 -0.011904 0.00265285 -0.0160271 0.00221609 -0.0220672 0.00600797 -0.00846496 0.0233777 -0.0164828 0.0215803
394 -0.0119407 0.00257986 -0.016095 0.00223399 -0.0220584 0.00597027 -0.00830265 0.0230565 -0.0164915 0.0210061
395 -0.011994 0.00242854 -0.0161012 0.00228645 -0.0219975 0.00590888 -0.00831645 0.0227021 -0.0165349 0.0204953
396 -0.0120459 0.00226717 -0.0161197 0.00225084 -0.0219096 0.00578835 -0.008289 0.0223848 -0.0164944 0.0200107
397 -0.012094 0.00221181 -0.0161607 0.00232307 -0.0218474 0.00571792 -0.00824978 0.0217157 -0.0165165 0.019449
398 -0.0121493 0.00212402 -0.0161442 0.00236277 -0.0217113 0.00559863 -0.00822598 0.0211018 -0.0164522 0.0188151
399 -0.0122083 0.00194895 -0.0161291 0.00238276 -0.0216041 0.00547435 -0.00823829 0.0204101 -0.0165154 0.0179638
400 -0.0123196 0.00179987 -0.0161584 0.00241301 -0.0215729 0.00530496 -0.00817502 0.0197243 -0.0166572 0.0171472
401 -0.0124233 0.0016821 -0.0161705 0.00244997 -0.021466 0.00508337 -0.00820853 0.0187395 -0.0166929 0.0162929
402 -0.0125212 0.00157596 -0.0162073 0.00242828 -0.0213275 0.00490215 -0.00822623 0.0179932 -0.0166982 0.0155353
403 -0.0126311 0.00137843 -0.0162495 0.00241681 -0.0212309 0.00460717 -0.00821207 0.0169695 -0.0168459 0.0144381
404 -0.0127934 0.00125522 -0.0162706 0.00239174 -0.0211259 0.00434509 -0.00838217 0.0159036 -0.0170636 0.0133001
405 -0.0129567 0.00109998 -0.0163505 0.00243247 -0.0210151 0.00408721 -0.00831381 0.0146232 -0.0171763 0.0122056
406 -0.0130807 0.000947001 -0.0163435 0.00245878 -0.0208733 0.0037487 -0.0083065 0.0133636 -0.0172691 0.0109861
407 -0.0132686 0.000854493 -0.016412 0.00240095 -0.0207158 0.00342826 -0.00849061 0.0122282 -0.0174868 0.00999531
408 -0.0133849 0.000696288 -0.0165217 0.00238883 -0.0206283 0.00311307 -0.00852212 0.0111179 -0.0174839 0.00876433
409 -0.013607 0.000552672 -0.0165587 0.00228726 -0.0204742 0.00274084 -0.00864042 0.00967902 -0.0176598 0.00744462
410 -0.0138266 0.000369607 -0.0165547 0.00224097 -0.0203586 0.00226522 -0.00850937 0.00856406 -0.0180846 0.00619337
411 -0.0139916 0.000227781 -0.0166286 0.00221595 -0.0201649 0.00185785 -0.00869097 0.00694533 -0.0181346 0.00502359
412 -0.0141829 0.000134275 -0.016693 0.00215857 -0.0201074 0.00145496 -0.00863238 0.00553416 -0.0186086 0.00365831
413 -0.0144189 1.56742e-05 -0.0166682 0.002115 -0.0198992 0.00101125 -0.00871729 0.00416489 -0.0188499 0.00248155
414 -0.014628 0.000120193 -0.0167645 0.00206453 -0.0197771 0.000590173 -0.00889813 0.00277721 -0.018971 0.00104361
415 -0.0148559 0.000302779 -0.0167629 0.00194716 -0.0196609 5.79407e-05 -0.00873369 0.00132521 -0.0193584 0.000386361
416 -0.0150549 0.000401291 -0.016794 0.00188051 -0.0195424 0.000346102 -0.00881314 1.9503e-05 -0.0195658 0.00163823
417 -0.0152023 0.000544453 -0.0168226 0.00178602 -0.0193964 0.00082634 -0.0088991 0.00146157 -0.0198123 0.00290412
418 -0.0154059 0.000651222 -0.0168106 0.00173343 -0.0192422 0.00127447 -0.00881377 0.00285305 -0.0201332 0.00418187
419 -0.0156913 0.00083365 -0.0168046 0.0016381 -0.0191152 0.00175054 -0.00892611 0.00419463 -0.0205308 0.00565076
420 -0.0157905 0.000947315 -0.0168293 0.00154421 -0.0190314 0.00221572 -0.00886069 0.00549966 -0.0208123 0.00693415
421 -0.0160026 0.00108519 -0.0167365 0.00145092 -0.0188507 0.00265248 -0.00874959 0.00700736 -0.0210732 0.00825259
422 -0.0161963 0.00125453 -0.016728 0.00138834 -0.0187644 0.0031353 -0.00881125 0.00822019 -0.0214272 0.00950301
423 -0.016346 0.00134925 -0.0167149 0.0012645 -0.0186507 0.00352125 -0.00878532 0.00944723 -0.0216527 0.0108077
424 -0.0165604 0.00152576 -0.0167331 0.0012514 -0.0185647 0.00395486 -0.00894407 0.010841 -0.0219117 0.0120447
425 -0.0167229 0.00157571 -0.0166407 0.00115306 -0.0185066 0.00440847 -0.00887046 0.0119835 -0.0223481 0.0132027
426 -0.0168646 0.00178226 -0.0166538 0.00107086 -0.0183697 0.00477964 -0.00900403 0.0131547 -0.0225368 0.014532
427 -0.0169728 0.00192164 -0.0165747 0.000972808 -0.0183084 0.0052284 -0.00905849 0.0142392 -0.0227903 0.0156287
428 -0.0170656 0.00197885 -0.0165057 0.000912873 -0.0181813 0.0055584 -0.00910516 0.0153074 -0.0228707 0.0166863
429 -0.0172075 0.00208769 -0.0164404 0.000832855 -0.0181106 0.00594061 -0.00908275 0.0165756 -0.0232079 0.0177864
430 -0.0172791 0.0023026 -0.016388 0.000816678 -0.0179546 0.00625065 -0.0092486 0.0171376 -0.0232319 0.0187487
431 -0.0174099 0.00244356 -0.0163185 0.000689132 -0.0178408 0.00658076 -0.00933805 0.0180542 -0.0235403 0.0197823
432 -0.0174872 0.00249136 -0.0162269 0.000686736 -0.0177344 0.00688717 -0.00943469 0.0188368 -0.0235933 0.0205624
433 -0.0175522 0.00267484 -0.0161599 0.000610504 -0.0176165 0.00706744 -0.00948463 0.0196783 -0.023809 0.0215316
434 -0.0176213 0.0027185 -0.0161624 0.000507632 -0.0174147 0.0072947 -0.00977575 0.0204589 -0.0236784 0.0222067
435 -0.0176692 0.00283389 -0.0160684 0.000481167 -0.0173104 0.00749844 -0.00981917 0.0210672 -0.0239855 0.0229417
436 -0.0177349 0.00293823 -0.0160364 0.000422579 -0.0171198 0.00764034 -0.00992252 0.0216516 -0.0239248 0.0237463
437 -0.0178149 0.00303562 -0.0159827 0.0004206 -0.016936 0.00782357 -0.0102165 0.0221726 -0.0238947 0.024331
438 -0.0178264 0.00312817 -0.0159304 0.000377717 -0.0168354 0.00788438 -0.0104163 0.0224419 -0.0238895 0.0248512
439 -0.0178632 0.00326084 -0.0158982 0.000393053 -0.0166129 0.00792722 -0.0107032 0.0226912 -0.0237913 0.0252506
440 -0.0179474 0.00330304 -0.0158874 0.00042217 -0.0164325 0.00798397 -0.0110482 0.0230496 -0.0238456 0.0256253
441 -0.0179419 0.00342181 -0.0158466 0.000358394 -0.0161608 0.00799541 -0.0113804 0.0229829 -0.0235346 0.0258489
442 -0.0180117 0.00352947 -0.0158433 0.000288549 -0.0159403 0.00802712 -0.0116834 0.0228585 -0.023427 0.0263093
443 -0.0180188 0.00360868 -0.0158135 0.000404532 -0.0156834 0.00792185 -0.0119888 0.0228556 -0.0233161 0.0264139
444 -0.0180491 0.00371691 -0.0158446 0.000368741 -0.015449 0.00793326 -0.0124528 0.0227455 -0.023018 0.0265445
445 -0.0179945 0.00377785 -0.0158981 0.000377778 -0.0151806 0.00778632 -0.0128849 0.0224335 -0.0226514 0.0265488
446 -0.018063 0.00386718 -0.0159001 0.000397389 -0.0148971 0.00770036 -0.0133515 0.0219717 -0.0224767 0.0263504
447 -0.0180664 0.00388497 -0.0160153 0.000498388 -0.0146339 0.00751159 -0.0138478 0.0216684 -0.0219978 0.0262573
448 -0.0180436 0.00399364 -0.0160257 0.000558106 -0.0143122 0.00735332 -0.0143952 0.0211336 -0.0217669 0.0260974
449 -0.017999 0.00403542 -0.016076 0.000644214 -0.0140222 0.00714804 -0.0149018 0.0207847 -0.021312 0.0260624
450 -0.0179369 0.0040507 -0.0161303 0.000659967 -0.0136892 0.00687839 -0.0152725 0.0202521 -0.020673 0.0258204
451 -0.0178523 0.00414607 -0.0162502 0.000752068 -0.0133926 0.00668129 -0.0157631 0.0196325 -0.0202864 0.0255804
452 -0.0177793 0.00413103 -0.0162823 0.000787183 -0.0130238 0.00638734 -0.0163621 0.0189816 -0.0196341 0.0252582
453 -0.0177438 0.00419524 -0.0163696 0.000875624 -0.0126175 0.00608613 -0.0170572 0.0180148 -0.0190794 0.0247234
454 -0.017603 0.0042197 -0.0164773 0.000969954 -0.012346 0.00577697 -0.017446 0.0173636 -0.0183871 0.0243009
455 -0.0174501 0.00424492 -0.0165858 0.00105458 -0.0119588 0.00546028 -0.0180567 0.0164721 -0.0176275 0.0238889
456 -0.0172872 0.00422613 -0.01663 0.00118566 -0.0115944 0.00512725 -0.0184684 0.0157362 -0.0168207 0.0233153
457 -0.0171 0.00422545 -0.0167411 0.00122192 -0.0112169 0.00468238 -0.0189547 0.0146476 -0.016167 0.0227699
458 -0.0168823 0.00424311 -0.016807 0.00131968 -0.0108441 0.00437819 -0.0191968 0.0138913 -0.0153151 0.0222129
459 -0.016633 0.00425152 -0.016871 0.00139896 -0.0104503 0.00399937 -0.0198258 0.0127952 -0.0144019 0.0214907
460 -0.0164076 0.0042253 -0.0169036 0.00147525 -0.0101073 0.00360609 -0.0201626 0.0118992 -0.0136015 0.0209007
461 -0.0160549 0.00416263 -0.0169809 0.00151294 -0.00966968 0.00320611 -0.0205223 0.0108424 -0.0125845 0.0201356
462 -0.0157273 0.00412897 -0.0169564 0.00161327 -0.00929743 0.00280511 -0.020797 0.0100342 -0.0115645 0.0194515
463 -0.0154481 0.00405674 -0.0170295 0.00170951 -0.00894344 0.00244229 -0.0212441 0.00909612 -0.0104651 0.018788
464 -0.0150371 0.00394353 -0.0170806 0.00179677 -0.00858791 0.00201497 -0.0214262 0.00832621 -0.00954713 0.0179839
465 -0.0146268 0.0038993 -0.0170125 0.0019003 -0.00817311 0.00163203 -0.0215251 0.00728716 -0.00838242 0.0172136
466 -0.0142487 0.00377029 -0.0170465 0.00192143 -0.00786343 0.00126118 -0.0218129 0.00645586 -0.00734937 0.0164477
467 -0.0137744 0.00369709 -0.0171266 0.00192133 -0.0075196 0.000870116 -0.0221149 0.00546632 -0.00623442 0.0156435
468 -0.01333 0.00354799 -0.0170984 0.00201075 -0.00714674 0.00043162 -0.0224035 0.00480282 -0.0048705 0.0150688
469 -0.012809 0.00355323 -0.0170835 0.00203857 -0.00677129 0.000162167 -0.0225047 0.00389371 -0.00363502 0.0145739
470 -0.0123933 0.00337295 -0.0170345 0.00212877 -0.00649736 0.000257888 -0.022714 0.00350209 -0.00251018 0.0137829
471 -0.0118443 0.00329393 -0.0170253 0.00221354 -0.00616327 0.000533386 -0.0229401 0.00286959 -0.00103668 0.0132901
472 -0.0113672 0.00314372 -0.0169586 0.00219858 -0.00589426 0.000850581 -0.0231582 0.00215757 0.000224384 0.0126679
473 -0.0108565 0.00302847 -0.0169107 0.00219592 -0.00566291 0.00112888 -0.0233501 0.00162532 0.00163468 0.0119358
474 -0.0103267 0.0029126 -0.0169296 0.0022001 -0.00528243 0.00138358 -0.0237168 0.00109792 0.00293194 0.0115888
475 -0.00982169 0.00271703 -0.0168607 0.00216069 -0.00503766 0.00168905 -0.0238752 0.000654331 0.00434093 0.0107149
476 -0.00928312 0.00256109 -0.0167474 0.00218899 -0.00468508 0.00183907 -0.024331 4.55767e-05 0.00594877 0.0102632
477 -0.00875199 0.00243877 -0.0167412 0.00224463 -0.00456416 0.00211884 -0.0245111 0.000103701 0.00711547 0.00994623
478 -0.00826285 0.00226829 -0.0166076 0.00220739 -0.0043006 0.00223879 -0.0248701 0.000490423 0.00858125 0.00948372
479 -0.00768674 0.00216108 -0.0165763 0.00220049 -0.0039076 0.00250247 -0.0251624 0.000906224 0.0102678 0.00893613
480 -0.00715826 0.00197629 -0.016497 0.00220229 -0.00370652 0.00263531 -0.025618 0.0011008 0.0116159 0.00860479
481 -0.00670722 0.00189553 -0.0164124 0.00212677 -0.00348218 0.00273985 -0.0259152 0.00113624 0.0130762 0.00841611
482 -0.00619574 0.00169182 -0.0164012 0.00210285 -0.0031847 0.00293773 -0.026471 0.0012749 0.0146346 0.00793037
483 -0.00562714 0.00152309 -0.0163238 0.00205055 -0.00297176 0.00293702 -0.0269197 0.00135095 0.0161437 0.00768276
484 -0.00510246 0.00140267 -0.0162881 0.00199771 -0.00275233 0.00304859 -0.0272713 0.00141783 0.0175519 0.00739493
485 -0.00463006 0.00125923 -0.0162237 0.00201301 -0.00252278 0.00314423 -0.0277806 0.00116567 0.0191022 0.00722261
486 -0.00420505 0.00113317 -0.0161422 0.00191071 -0.00229413 0.00316895 -0.0284672 0.00144007 0.0205859 0.00704446
487 -0.00369809 0.000966917 -0.0160151 0.00189721 -0.00198135 0.00313892 -0.0288261 0.00113646 0.0219002 0.00683028
488 -0.00322506 0.000865665 -0.0159847 0.00178645 -0.00182163 0.00313001 -0.0295181 0.00109928 0.0232646 0.00680255
489 -0.0027681 0.000608777 -0.0159081 0.00180586 -0.00157175 0.00310666 -0.0297891 0.000357091 0.0246082 0.0067259
490 -0.00235659 0.000538466 -0.0158218 0.0018419 -0.00134865 0.00308475 -0.0305326 0.000478803 0.0259654 0.00656515
491 -0.00192642 0.000332675 -0.0157956 0.00179615 -0.00115335 0.00303215 -0.0309893 7.56853e-05 0.0272994 0.00654245
492 -0.00142482 0.000226722 -0.0156764 0.00178208 -0.000930005 0.00300124 -0.0312861 0.000278795 0.0284282 0.00653231
493 -0.00108605 0.000166605 -0.015575 0.00170753 -0.000635916 0.00287813 -0.0318742 0.00045886 0.0296497 0.00668389
494 -0.000692289 3.41537e-05 -0.0154156 0.00165861 -0.000387821 0.00277922 -0.0323763 0.0011417 0.030566 0.00657852
495 -0.000215689 8.10447e-06 -0.0153488 0.00180355 -0.000243724 0.00274203 -0.0327036 0.00207115 0.0318449 0.00708633
496 0.00022331 0.000118268 -0.0151431 0.0018099 4.25176e-05 0.00266832 -0.0331595 0.00220751 0.0330316 0.00719543
497 0.000545503 0.000217671 -0.0150179 0.00184651 0.000320157 0.00249705 -0.0337883 0.00297848 0.034003 0.00722652
498 0.000887156 0.000295777 -0.0148123 0.00188913 0.000557096 0.00244864 -0.0338117 0.0036481 0.0347678 0.00760911
499 0.00122439 0.000334706 -0.0146032 0.00183345 0.000761677 0.00222329 -0.0343538 0.0044351 0.0356458 0.00803109
500 0.00166533 0.000346373 -0.014367 0.0019407 0.00112435 0.00217603 -0.0344334 0.00520014 0.0364357 0.00832604
501 0.00194844 0.000422708 -0.0141711 0.0020893 0.00133157 0.00208658 -0.0347955 0.00602778 0.0370094 0.00872753
502 0.00229339 0.000444747 -0.0138856 0.00217156 0.00166747 0.00193085 -0.0348426 0.00692761 0.0375897 0.00923895
503 0.0026768 0.000592756 -0.0135689 0.00236594 0.00199025 0.00185952 -0.0351154 0.0078937 0.0383162 0.00961621
504 0.00295649 0.000568303 -0.0132397 0.00245918 0.0023123 0.00173898 -0.0351466 0.00866546 0.0386238 0.00990709
505 0.00325933 0.000577644 -0.0128591 0.00252211 0.0027047 0.00161797 -0.0353548 0.0098098 0.0393866 0.0105374
506 0.00356268 0.000636642 -0.0125311 0.00274935 0.00300379 0.00153619 -0.0353314 0.0108848 0.0395495 0.0111845
507 0.00380417 0.00060938 -0.012084 0.00293938 0.00332959 0.00140395 -0.03528 0.0120915 0.0397631 0.0118473
508 0.00401281 0.000543979 -0.0117002 0.00309469 0.00383361 0.00132546 -0.0353213 0.0131964 0.0402277 0.0123148
509 0.00429448 0.000360972 -0.0112444 0.0032461 0.00423431 0.00115404 -0.0354017 0.0141931 0.0404427 0.0133542
510 0.00451398 0.000336929 -0.0106979 0.00350198 0.00463175 0.00108697 -0.0353304 0.0154032 0.0405235 0.0142925
511 0.00477059 0.0002851 -0.0101621 0.0035362 0.00516418 0.0010181 -0.0350492 0.0160157 0.0407038 0.0146767
512 0.00497699 0.000123665 -0.00961611 0.00358923 0.0056717 0.000921377 -0.0349721 0.0173297 0.0407478 0.0156942
513 0.00520621 9.56816e-06 -0.00904744 0.00381125 0.00611375 0.000826999 -0.0345832 0.0180708 0.0406038 0.0163769
514 0.00546463 1.79949e-05 -0.00827311 0.0040064 0.00659949 0.000663381 -0.0342536 0.0194361 0.0406752 0.0173137
515 0.00562832 0.000244259 -0.0076548 0.004126 0.00719805 0.000704728 -0.0339413 0.0197892 0.0404247 0.0177167
516 0.0058874 0.00042082 -0.00692314 0.00426784 0.0077615 0.000551771 -0.0338167 0.020876 0.0404619 0.0186747
517 0.0061538 0.000751438 -0.00624077 0.00437774 0.00839508 0.000470243 -0.0333498 0.0215846 0.0402768 0.0198614
518 0.0064181 0.000856147 -0.00545134 0.00440265 0.00904266 0.000400643 -0.0328068 0.0224668 0.0400237 0.0204623
519 0.00669292 0.00120656 -0.00462733 0.00447551 0.00961931 0.000286716 -0.0319372 0.0234247 0.0397103 0.0214772
520 0.00703295 0.00151984 -0.00377607 0.00456942 0.0102862 0.000311812 -0.0314014 0.0239593 0.0396898 0.0224252
521 0.00740592 0.00179143 -0.0028567 0.004709 0.0110295 0.000277581 -0.0306725 0.0248271 0.0396097 0.0234217
522 0.00779195 0.0020662 -0.00199335 0.00473518 0.011758 0.000259441 -0.0300956 0.025215 0.0394688 0.0241545
523 0.00819241 0.00246031 -0.000933623 0.00470309 0.0125195 0.000251433 -0.0291833 0.025563 0.0395052 0.0249546
524 0.00870851 0.00279839 0.000133574 0.00466067 0.0133176 0.000228128 -0.0282311 0.0259872 0.0394945 0.0258321
525 0.00918006 0.00306344 0.00113801 0.00463065 0.0141362 0.000181745 -0.027328 0.0262977 0.0393838 0.0265198
526 0.00977703 0.00334877 0.00226592 0.0045931 0.0150282 0.00015932 -0.0262982 0.0267286 0.0394583 0.0271328
527 0.0104108 0.0037797 0.00340099 0.00459089 0.015755 0.000201286 -0.0251285 0.0269942 0.0395538 0.027859
528 0.0111515 0.00418273 0.00456702 0.00452747 0.016617 0.00013114 -0.023691 0.0271668 0.039712 0.0288427
529 0.0119689 0.00450442 0.00585105 0.00450388 0.0175653 0.000261444 -0.0223203 0.0272163 0.0399293 0.0292379
530 0.0127468 0.00471929 0.00715818 0.00433405 0.0185696 0.000319274 -0.0207279 0.0274029 0.0401414 0.0295198
531 0.0136556 0.00514265 0.00848584 0.00430619 0.0195951 0.000315501 -0.0193821 0.0272648 0.0404671 0.0302975
532 0.014583 0.00537824 0.00990263 0.00419625 0.0205123 0.000463365 -0.0176171 0.0273534 0.0406603 0.0304737
533 0.0157278 0.00573396 0.0113623 0.0041343 0.0216393 0.000421947 -0.0155837 0.0276562 0.0412635 0.0311328
534 0.0167504 0.00609173 0.0129519 0.00400492 0.0227626 0.000426021 -0.0138616 0.0272742 0.0419131 0.0316514
535 0.0180027 0.00644984 0.0145755 0.00392203 0.0239869 0.000468204 -0.0116437 0.0269348 0.0423564 0.0319053
536 0.019435 0.00673541 0.0162081 0.00377592 0.0251888 0.000554557 -0.00971523 0.026803 0.0434144 0.0324204
537 0.0207783 0.00701489 0.0180138 0.00372935 0.0265002 0.000601241 -0.00719852 0.0267143 0.044194 0.0327077
538 0.0223465 0.00732775 0.0198656 0.00354648 0.0279284 0.000650548 -0.00505144 0.0262165 0.0455161 0.0327276
539 0.0238698 0.00762279 0.0217603 0.00338044 0.0293585 0.000648406 -0.00223233 0.0256222 0.0464043 0.0329361
540 0.0256262 0.00793477 0.0236234 0.00329995 0.0308851 0.000546443 -7.72898e-06 0.0253914 0.0481296 0.0331495
541 0.0274074 0.00819313 0.0256811 0.00299735 0.032573 0.000815082 0.00223626 0.0245353 0.049628 0.0327112
542 0.0293271 0.00849958 0.0278462 0.0028665 0.0342043 0.000728978 0.00512575 0.023823 0.0511821 0.0326578
543 0.0314753 0.00870144 0.0301801 0.00266367 0.0362157 0.000870761 0.00776003 0.022939 0.0534746 0.0323131
544 0.0336421 0.00902922 0.0323402 0.00240671 0.0382134 0.000880465 0.0105514 0.0218071 0.0556907 0.0321492
545 0.0359487 0.00922496 0.0349506 0.00225452 0.0404117 0.000867448 0.0134503 0.0208694 0.0580646 0.0316722
546 0.0383689 0.00952751 0.0375507 0.00212311 0.0426174 0.000932483 0.0165506 0.0202894 0.0606195 0.0315344
547 0.041086 0.00982312 0.0402377 0.00179202 0.0450363 0.000943243 0.0194215 0.0191773 0.0635586 0.0312272
548 0.0438037 0.0100363 0.0431448 0.00150095 0.0478539 0.000923138 0.0224155 0.0176136 0.0670961 0.0302828
549 0.0468654 0.0102114 0.0462487 0.00135243 0.0506476 0.00109732 0.0259481 0.0168775 0.0705659 0.0298889
550 0.0499156 0.0104678 0.0495083 0.000972139 0.0538023 0.00113779 0.0288313 0.0147433 0.0744803 0.0288407
551 0.0532985 0.0108445 0.0529642 0.000600652 0.0571457 0.0011778 0.0325235 0.0132148 0.0785425 0.0284581
552 0.0567224 0.0110564 0.0566381 0.000372047 0.060695 0.00117051 0.0359115 0.0120828 0.0830414 0.0277744
553 0.0602658 0.011342 0.0605082 2.67686e-05 0.0645474 0.00126848 0.0393372 0.0097167 0.087769 0.0265255
554 0.0641835 0.0115134 0.0646598 0.000404895 0.0686393 0.00129111 0.0433585 0.0079822 0.0927638 0.025589
555 0.0684419 0.0117824 0.0691953 0.000732847 0.0730932 0.00141665 0.0475503 0.00615288 0.0981578 0.0247075
556 0.0727653 0.0120975 0.0740105 0.00116276 0.0779475 0.00145624 0.0514542 0.00390541 0.104051 0.0235721
557 0.077356 0.0122378 0.0789792 0.00144508 0.0829847 0.00158303 0.0560541 0.00218902 0.110219 0.0225225
558 0.0821473 0.0125691 0.084383 0.00174118 0.0885629 0.00158055 0.0605595 0.000304679 0.116594 0.021381
559 0.0872144 0.0126367 0.0901549 0.00211567 0.0942964 0.00177651 0.0658657 0.00177421 0.1232 0.0200529
560 0.092651 0.0128542 0.096291 0.00239784 0.100627 0.00192565 0.0705391 0.0038921 0.13059 0.0192282
561 0.0985053 0.0131127 0.102817 0.00261571 0.107316 0.00205205 0.0763984 0.00630083 0.138103 0.0174106
562 0.104287 0.0132331 0.109759 0.00308778 0.114391 0.00218716 0.0820851 0.00840848 0.145785 0.0163692
563 0.110604 0.0134187 0.117136 0.00337113 0.121955 0.00215956 0.0884806 0.0106237 0.1542 0.0147702
564 0.117356 0.0136649 0.125099 0.00372936 0.129912 0.00232612 0.0953694 0.0127743 0.162339 0.0138184
565 0.124347 0.0139261 0.133485 0.00399993 0.138413 0.0024863 0.102565 0.0149573 0.171374 0.0122935
566 0.131844 0.014045 0.142332 0.00424963 0.147463 0.00253198 0.110509 0.0165037 0.180802 0.0112511
567 0.139395 0.014148 0.151729 0.0044814 0.156858 0.00266918 0.118635 0.018726 0.190469 0.00996053
568 0.147468 0.0145218 0.161747 0.0046476 0.166919 0.00260097 0.127303 0.0210282 0.200255 0.00886977
569 0.155966 0.0145181 0.172151 0.00476489 0.17738 0.00272846 0.136805 0.0225388 0.210485 0.00740483
570 0.165 0.0147725 0.183172 0.00498949 0.188377 0.00272818 0.14705 0.0245234 0.221471 0.00638912
571 0.1743 0.0148333 0.194844 0.00524546 0.200012 0.00294226 0.157126 0.026272 0.232845 0.00510049
572 0.184172 0.0151184 0.206981 0.00528226 0.211996 0.00286203 0.169049 0.0274608 0.244199 0.00422907
573 0.194679 0.0151055 0.219792 0.00545867 0.224799 0.00287585 0.181153 0.0287865 0.256891 0.00335091
574 0.205401 0.0153649 0.232938 0.00564598 0.237888 0.00281864 0.194058 0.0300451 0.269457 0.00255052
575 0.216783 0.0154514 0.24689 0.00596307 0.251421 0.00272541 0.207408 0.0318203 0.282548 0.0013526
576 0.228702 0.0156929 0.26133 0.00593833 0.265465 0.00247693 0.222034 0.0323228 0.296622 0.000806707
577 0.241033 0.0159406 0.276484 0.00625756 0.280111 0.0023864 0.237346 0.0340923 0.31071 0.000262212
578 0.25416 0.0160048 0.291936 0.00626382 0.294939 0.00229651 0.25391 0.0342364 0.325534 0.000374947
579 0.267445 0.0162754 0.308115 0.00646727 0.310319 0.00223601 0.271088 0.0353223 0.340527 0.00109417
580 0.281554 0.0164735 0.324325 0.00672558 0.32587 0.00191152 0.289076 0.0357157 0.356674 0.00108301
581 0.296278 0.0163078 0.341197 0.00688329 0.341823 0.00169878 0.307985 0.0357463 0.373178 0.00162356
582 0.311045 0.0164601 0.358572 0.00693515 0.357837 0.00139567 0.327836 0.0358952 0.389313 0.00170504
583 0.326625 0.0166269 0.375902 0.00714069 0.373868 0.00121302 0.348639 0.0362082 0.406518 0.00190754
584 0.343006 0.0165228 0.393621 0.00729216 0.39036 0.000975211 0.370588 0.0359651 0.424315 0.00213307
585 0.359305 0.0165977 0.411367 0.00738411 0.406534 0.000684475 0.392491 0.0350598 0.441355 0.00178083
586 0.375747 0.0166706 0.429275 0.00760558 0.422616 0.000384728 0.415324 0.0347498 0.459179 0.00186433
587 0.392624 0.0169586 0.446786 0.00779953 0.438578 5.33081e-05 0.438865 0.0341693 0.476617 0.00140764
588 0.409316 0.0169105 0.464175 0.00813162 0.454076 0.000155811 0.461577 0.0341564 0.494242 0.00149979
589 0.425531 0.016921 0.481171 0.00846462 0.468795 0.000538455 0.484948 0.0333713 0.510719 0.000907971
590 0.441667 0.0172904 0.497433 0.00847324 0.483324 0.000905238 0.507149 0.033471 0.526812 0.000549937
591 0.457825 0.0171497 0.513853 0.00905242 0.496966 0.00117442 0.530878 0.0318591 0.542946 0.000624443
592 0.47256 0.0173149 0.528324 0.00880003 0.509806 0.00160888 0.551003 0.0311315 0.558136 0.000248975
593 0.486722 0.0167703 0.542517 0.00885013 0.521737 0.00136252 0.571349 0.0304107 0.57218 0.000380546
594 0.500117 0.0170163 0.555506 0.009616 0.532349 0.00164093 0.590152 0.0308871 0.584023 0.000378943
595 0.511692 0.0167128 0.566809 0.00984544 0.542011 0.00175554 0.60813 0.0290766 0.594953 0.000191723
596 0.522603 0.0169341 0.577034 0.00963272 0.550358 0.00165978 0.623575 0.0293655 0.605241 0.000250983
597 0.531648 0.0164622 0.585402 0.0102237 0.558269 0.00224657 0.635337 0.0269892 0.613992 0.000210137
598 0.539709 0.0174671 0.5927 0.0106733 0.565913 0.00232625 0.645188 0.0289734 0.624616 0.000211876
599 -nan -nan -nan -nan -nan -nan -nan -nan -nan -nan
