# Table 
0 1 1 1 1 1 1 1 1 1
1 0.57089 0.447681 0.323908 0.451506 0.45072 0.942326 0.0597871 0.404033 0.898508
2 0.558617 0.440966 0.317871 0.43972 0.441931 0.935555 0.0443365 0.39797 0.871793
3 0.544646 0.435161 0.311325 0.428473 0.432995 0.928922 0.0252785 0.388519 0.845317
4 0.530604 0.42725 0.304622 0.416712 0.422433 0.921618 0.00622921 0.379611 0.816436
5 0.516459 0.419184 0.297527 0.405986 0.411048 0.913579 -0.0136224 0.371651 0.786056
6 0.502252 0.40967 0.289519 0.39576 0.39895 0.904473 -0.0360761 0.366353 0.75467
7 0.48797 0.400021 0.280562 0.386555 0.386278 0.894377 -0.0603882 0.362765 0.721898
8 0.474283 0.389301 0.271333 0.377597 0.37324 0.883731 -0.0842627 0.360948 0.688726
9 0.460926 0.378167 0.262222 0.368807 0.359467 0.872245 -0.106163 0.360034 0.655081
10 0.447911 0.366806 0.253179 0.360071 0.345987 0.859974 -0.125886 0.359602 0.621303
11 0.435098 0.355333 0.244637 0.351114 0.332406 0.847102 -0.142984 0.359013 0.587334
12 0.422325 0.343473 0.235889 0.342015 0.318829 0.833586 -0.159281 0.35821 0.553721
13 0.409679 0.33131 0.227761 0.332744 0.305497 0.81918 -0.173372 0.357537 0.52047
14 0.39712 0.319354 0.219616 0.323343 0.292521 0.804005 -0.186633 0.356456 0.488305
15 0.384757 0.307444 0.211817 0.313979 0.27977 0.788477 -0.198253 0.355322 0.456293
16 0.372653 0.295607 0.20412 0.304612 0.267542 0.772268 -0.20826 0.354207 0.425356
17 0.360647 0.284043 0.196917 0.295239 0.255292 0.755585 -0.216527 0.352607 0.394891
18 0.348846 0.27245 0.189756 0.286054 0.243658 0.73831 -0.224473 0.351213 0.365606
19 0.337272 0.261208 0.183127 0.276772 0.232747 0.720617 -0.230306 0.349221 0.337556
20 0.325982 0.250085 0.176222 0.267516 0.221976 0.70229 -0.236221 0.347667 0.310697
21 0.314824 0.239466 0.169945 0.25849 0.2116 0.683547 -0.240058 0.345572 0.284531
22 0.303871 0.228911 0.163822 0.249503 0.201771 0.664522 -0.243914 0.343585 0.259741
23 0.29314 0.218697 0.157769 0.240638 0.192295 0.644972 -0.246781 0.341255 0.236466
24 0.28257 0.208654 0.151992 0.231754 0.183075 0.625232 -0.248215 0.338478 0.213931
25 0.272169 0.199061 0.146395 0.223073 0.17448 0.605215 -0.249521 0.335731 0.192477
26 0.262066 0.189725 0.140933 0.21453 0.166093 0.584947 -0.250338 0.332887 0.172634
27 0.252081 0.180636 0.13573 0.206118 0.158135 0.564416 -0.250375 0.329901 0.153646
28 0.242392 0.17206 0.130665 0.197901 0.150603 0.54426 -0.249766 0.326559 0.135471
29 0.232868 0.163603 0.125566 0.189822 0.143162 0.523824 -0.249 0.323239 0.118556
30 0.223614 0.155512 0.120828 0.181874 0.136207 0.503306 -0.247277 0.319593 0.102658
31 0.214535 0.147749 0.116236 0.17414 0.129429 0.482773 -0.245263 0.316044 0.0875215
32 0.205653 0.14029 0.111806 0.166568 0.123023 0.462537 -0.242892 0.312171 0.0731759
33 0.197033 0.133043 0.107447 0.159189 0.11672 0.442401 -0.239961 0.308181 0.059698
34 0.188544 0.12612 0.103228 0.151904 0.110862 0.422564 -0.236885 0.30397 0.0468839
35 0.180318 0.119371 0.0990498 0.14489 0.105098 0.402811 -0.233523 0.299638 0.0352271
36 0.172312 0.113034 0.0951198 0.138006 0.0996556 0.383585 -0.229752 0.295202 0.0239133
37 0.164436 0.106841 0.0913518 0.131258 0.0944086 0.364378 -0.225819 0.290531 0.0136058
38 0.156725 0.100885 0.0876246 0.124693 0.0893388 0.345839 -0.221659 0.285484 0.0037927
39 0.14929 0.0952298 0.0839864 0.118331 0.084435 0.32757 -0.217448 0.280469 -0.00523434
40 0.142069 0.0897639 0.0805419 0.112147 0.0798216 0.309715 -0.212582 0.275325 -0.0138619
41 0.135025 0.0844442 0.0771669 0.106156 0.0752801 0.29221 -0.207786 0.270012 -0.0217042
42 0.128154 0.0795121 0.0738918 0.100414 0.0709373 0.275147 -0.202811 0.264479 -0.0289178
43 0.12145 0.0746738 0.0707543 0.0948461 0.0667557 0.258613 -0.197811 0.258809 -0.0357181
44 0.114993 0.0700527 0.0677077 0.0893749 0.0628302 0.242415 -0.192677 0.253173 -0.0418472
45 0.108714 0.0655831 0.0646808 0.084114 0.0588879 0.226679 -0.187264 0.247381 -0.0475855
46 0.102564 0.0613134 0.0617911 0.0789266 0.0551964 0.211739 -0.181994 0.241157 -0.0526658
47 0.0966446 0.0572658 0.0590378 0.0739834 0.0516221 0.197005 -0.176714 0.235061 -0.0571601
48 0.0908685 0.0532829 0.0562106 0.0693083 0.0481368 0.182714 -0.171807 0.22897 -0.061228
49 0.0853009 0.0495957 0.0536223 0.0647237 0.0448258 0.169287 -0.166171 0.222581 -0.0652625
50 0.0798917 0.0460093 0.0509974 0.0603599 0.0416032 0.155896 -0.161276 0.216432 -0.0683973
51 0.0747256 0.0425442 0.0485176 0.0560987 0.0385298 0.143156 -0.15587 0.210112 -0.0712281
52 0.069649 0.0392323 0.0462247 0.0520165 0.0356358 0.131229 -0.15052 0.203509 -0.0739876
53 0.0647676 0.0361266 0.0438898 0.0480527 0.0328107 0.119464 -0.145259 0.197022 -0.0761854
54 0.0601157 0.0331296 0.041672 0.0443042 0.0300627 0.108409 -0.140271 0.1906 -0.0778545
55 0.0555916 0.0302808 0.0394857 0.0406933 0.0274863 0.0978331 -0.135163 0.184069 -0.0795463
56 0.0512632 0.0275453 0.0373627 0.0372057 0.0250023 0.0877565 -0.129991 0.177555 -0.0808893
57 0.0471236 0.0249001 0.035381 0.033832 0.0226508 0.07823 -0.124897 0.171005 -0.0817933
58 0.0431219 0.0224733 0.0333704 0.0306795 0.0203235 0.0691922 -0.120016 0.164514 -0.0825508
59 0.0393194 0.0200727 0.0315301 0.0275877 0.0181397 0.0606868 -0.115156 0.157994 -0.0829403
60 0.0356524 0.0178182 0.0296771 0.0246692 0.0160323 0.0525972 -0.110628 0.151733 -0.0831943
61 0.0321659 0.0156924 0.0279196 0.0218657 0.0140137 0.0449755 -0.105973 0.145444 -0.0831958
62 0.0288498 0.0136341 0.0262024 0.0191883 0.012078 0.0375626 -0.101155 0.139316 -0.083209
63 0.0257016 0.0116924 0.0245825 0.0166971 0.0103037 0.0310276 -0.0968591 0.133236 -0.0828752
64 0.0227113 0.00990453 0.023077 0.014314 0.00863894 0.02467 -0.092672 0.127297 -0.0822412
65 0.0198338 0.00813328 0.0215175 0.0119838 0.00694743 0.0187185 -0.0885828 0.12128 -0.0814006
66 0.017147 0.00656535 0.020099 0.00987753 0.00537036 0.0133149 -0.0843876 0.115599 -0.0807893
67 0.0145866 0.0049686 0.018667 0.00782835 0.00383611 0.00806918 -0.0804031 0.109917 -0.0797037
68 0.012182 0.00356347 0.0173399 0.0059099 0.00243934 0.00331997 -0.076528 0.104396 -0.0786589
69 0.00990171 0.00220319 0.0160907 0.00411298 0.00114697 -0.000914041 -0.0728974 0.0989186 -0.0774121
70 0.00780105 0.000947863 0.0148161 0.00240153 -0.000124508 -0.00491229 -0.0692686 0.0936901 -0.0760463
71 0.0058204 -0.000256098 0.0136653 0.000805121 -0.00135306 -0.00867492 -0.0657023 0.0886793 -0.0747147
72 0.00393 -0.00137118 0.0124597 -0.000696077 -0.00245244 -0.0121893 -0.0622884 0.0836641 -0.0730424
73 0.00219956 -0.00245054 0.0114251 -0.002106 -0.00346837 -0.0152283 -0.0589043 0.0787879 -0.0713447
74 0.000589264 -0.00336423 0.0103917 -0.00339404 -0.00443903 -0.0180581 -0.0557127 0.074242 -0.0697644
75 -0.000852177 -0.00423464 0.00941125 -0.00456558 -0.00534224 -0.0206017 -0.0523955 0.0696854 -0.0678839
76 -0.00226392 -0.00500269 0.00848556 -0.00569345 -0.00612364 -0.022806 -0.0495949 0.0653039 -0.0661041
77 -0.00347302 -0.00575506 0.00755854 -0.006711 -0.00691906 -0.0247772 -0.0467597 0.0611206 -0.0640617
78 -0.0045994 -0.00647716 0.00679545 -0.00766905 -0.00760424 -0.0265726 -0.0437634 0.0570413 -0.0620537
79 -0.00559486 -0.00702716 0.0059628 -0.0085046 -0.0082216 -0.0282032 -0.041038 0.0531951 -0.0598195
80 -0.00651987 -0.00758086 0.00518127 -0.00931316 -0.00877301 -0.0295397 -0.0385525 0.0495064 -0.0576831
81 -0.00729657 -0.00806262 0.00458738 -0.00997774 -0.00921151 -0.0308389 -0.0358016 0.0460131 -0.0554157
82 -0.00805252 -0.00849737 0.00390473 -0.010572 -0.00965882 -0.0318583 -0.0335551 0.0425362 -0.0530036
83 -0.0086136 -0.00885038 0.00328733 -0.01117 -0.00999379 -0.0325069 -0.0313858 0.0392464 -0.0504887
84 -0.00918917 -0.00917441 0.00270152 -0.0116419 -0.0103096 -0.0333037 -0.0291825 0.0361841 -0.0481487
85 -0.00960895 -0.00946325 0.00211712 -0.012074 -0.0105391 -0.0336598 -0.0271278 0.0332108 -0.0456233
86 -0.00993723 -0.00968624 0.00160753 -0.0124269 -0.0107841 -0.0338924 -0.0253475 0.0305038 -0.0431304
87 -0.0102083 -0.00988969 0.00106059 -0.0127267 -0.0109432 -0.034217 -0.0235668 0.0279048 -0.0404961
88 -0.0104198 -0.00999976 0.000652031 -0.0129655 -0.0110979 -0.0342563 -0.02173 0.0254852 -0.0381751
89 -0.0105858 -0.0101084 0.000226283 -0.0132188 -0.0111217 -0.0342436 -0.0202161 0.023119 -0.0356262
90 -0.0106589 -0.0101962 -0.000170876 -0.0133556 -0.0111874 -0.0340638 -0.0184496 0.0208673 -0.0332493
91 -0.0106983 -0.0102214 -0.0005527 -0.0134659 -0.0111525 -0.0338321 -0.0170843 0.0188425 -0.0308524
92 -0.0106709 -0.0102226 -0.000925365 -0.0135396 -0.0111615 -0.0334949 -0.015646 0.0169602 -0.0284903
93 -0.0106575 -0.0102065 -0.0012452 -0.0135856 -0.0110891 -0.0331324 -0.0144379 0.0150869 -0.0261895
94 -0.0105002 -0.010132 -0.00153785 -0.0135974 -0.0109954 -0.0325933 -0.0131154 0.0134716 -0.0238722
95 -0.0103865 -0.0100591 -0.00185924 -0.0135839 -0.010858 -0.03187 -0.0119427 0.0117659 -0.0217323
96 -0.0101777 -0.00991099 -0.00208571 -0.0135065 -0.0107377 -0.0313144 -0.0108054 0.0103713 -0.0195508
97 -0.00995806 -0.00984195 -0.00232105 -0.0133981 -0.0105487 -0.0305312 -0.00969158 0.00896556 -0.0173996
98 -0.00971678 -0.00963664 -0.00254528 -0.0132948 -0.0103475 -0.0297174 -0.00874018 0.00770266 -0.0154961
99 -0.00942739 -0.00948392 -0.00277999 -0.0131794 -0.0101908 -0.0290615 -0.00775157 0.00664486 -0.0135229
100 -0.00915542 -0.00928253 -0.00298206 -0.0130085 -0.00997744 -0.0281842 -0.00693514 0.00550706 -0.0116557
101 -0.00882452 -0.00905675 -0.00315113 -0.0128079 -0.00973653 -0.0272881 -0.006048 0.00455358 -0.00984559
102 -0.00849261 -0.00886059 -0.00333515 -0.0126449 -0.009487 -0.026372 -0.00536355 0.00366173 -0.00805858
103 -0.00815751 -0.00861782 -0.00348848 -0.0124044 -0.00926698 -0.0255596 -0.00468551 0.00289639 -0.00641879
104 -0.00777758 -0.00842196 -0.00364712 -0.0122136 -0.0090152 -0.0244833 -0.00394982 0.00216132 -0.00484843
105 -0.00739391 -0.00816814 -0.00371724 -0.011991 -0.00874303 -0.0236384 -0.00341858 0.00161576 -0.00339509
106 -0.00701431 -0.00789307 -0.00383593 -0.0117647 -0.00852244 -0.0225578 -0.00293412 0.000982672 -0.00203847
107 -0.00663801 -0.00768171 -0.00398776 -0.0115472 -0.00829725 -0.0217162 -0.00244682 0.000529316 -0.00066453
108 -0.00628385 -0.00736742 -0.00399993 -0.0112777 -0.00802961 -0.020826 -0.00191816 0.000110481 0.000433836
109 -0.00592316 -0.00713365 -0.00412247 -0.0110032 -0.0077911 -0.0197649 -0.00178878 -0.000253232 0.00152972
110 -0.00556992 -0.00689069 -0.00417094 -0.0107833 -0.00761408 -0.018811 -0.00156983 -0.000551203 0.00247561
111 -0.0052038 -0.00664953 -0.00425832 -0.0105307 -0.00737693 -0.0179196 -0.00127576 -0.000776233 0.00339953
112 -0.00488869 -0.00635506 -0.00430455 -0.0102425 -0.00719016 -0.0170286 -0.00106561 -0.001077 0.00424716
113 -0.00455752 -0.00618052 -0.00438522 -0.0100214 -0.00702445 -0.0160977 -0.000916186 -0.00121308 0.00480035
114 -0.00426512 -0.00594463 -0.00446388 -0.00975984 -0.00687774 -0.0153316 -0.00100197 -0.00130214 0.00550313
115 -0.00393374 -0.00572121 -0.00447214 -0.00951089 -0.00669995 -0.0143391 -0.000701552 -0.00143863 0.00591407
116 -0.00364222 -0.0054918 -0.00454759 -0.00922461 -0.00656714 -0.0136597 -0.000654717 -0.00134977 0.00620407
117 -0.00338199 -0.00527465 -0.00456619 -0.0089874 -0.00642649 -0.0128119 -0.000755425 -0.00141503 0.00656324
118 -0.0031186 -0.00509963 -0.00458447 -0.00871847 -0.00632924 -0.0120686 -0.000613826 -0.00133019 0.00649349
119 -0.00287263 -0.0049042 -0.00464912 -0.00848393 -0.00621203 -0.0112928 -0.00070203 -0.00123302 0.0065858
120 -0.00264291 -0.00470836 -0.004658 -0.00824602 -0.00613813 -0.0106918 -0.000751619 -0.00112262 0.00665962
121 -0.00242724 -0.00457056 -0.00468645 -0.0080399 -0.00604189 -0.0101462 -0.000739218 -0.000954824 0.00660734
122 -0.00224378 -0.00442568 -0.00472016 -0.00780813 -0.00595276 -0.00956798 -0.000899927 -0.000782082 0.00649233
123 -0.00204179 -0.00425114 -0.00472436 -0.00761917 -0.00587749 -0.00906212 -0.000988212 -0.000630085 0.00650766
124 -0.00186973 -0.0041385 -0.00473965 -0.00742573 -0.0058079 -0.00851911 -0.000973012 -0.000466532 0.00627162
125 -0.00171913 -0.00404358 -0.00478645 -0.00725045 -0.00580734 -0.00813251 -0.000773222 -0.000282254 0.00585078
126 -0.00157562 -0.00390161 -0.00475673 -0.00709862 -0.00568882 -0.00760513 -0.000897789 -6.64436e-05 0.00552626
127 -0.00142835 -0.00382623 -0.0048114 -0.00690813 -0.00569199 -0.00722524 -0.0007539 0.000161079 0.0050543
128 -0.0013263 -0.00374965 -0.00477359 -0.00673622 -0.00566417 -0.0069931 -0.000963771 0.000501123 0.00465015
129 -0.00124525 -0.00367386 -0.00481725 -0.00656149 -0.00563577 -0.00666419 -0.00112228 0.000709807 0.00421086
130 -0.00111873 -0.00361861 -0.00482856 -0.00639764 -0.00562214 -0.0063963 -0.00113032 0.00105069 0.00374951
131 -0.0010428 -0.00359986 -0.00484665 -0.00623136 -0.00558651 -0.00638231 -0.00102994 0.00135375 0.00332066
132 -0.000965883 -0.00355945 -0.00482156 -0.00610044 -0.0055769 -0.00609103 -0.00110695 0.0016485 0.00270914
133 -0.000945363 -0.00351389 -0.00484812 -0.00600472 -0.00556787 -0.00593915 -0.00112518 0.00180487 0.00217228
134 -0.00087511 -0.00350377 -0.00483831 -0.00584357 -0.00557107 -0.00586519 -0.00117543 0.00221135 0.00168221
135 -0.000871016 -0.0034887 -0.0048257 -0.00569977 -0.00554918 -0.00584031 -0.00132544 0.00248921 0.00115874
136 -0.000860104 -0.0035145 -0.00484038 -0.00562235 -0.00557054 -0.00573429 -0.00140003 0.00272625 0.000553866
137 -0.000846121 -0.00353737 -0.00487533 -0.00550267 -0.00555644 -0.0058399 -0.00142854 0.00311335 -4.41584e-05
138 -0.000824974 -0.00355646 -0.00481735 -0.00537366 -0.00556481 -0.00580616 -0.00163989 0.0034062 -0.000433919
139 -0.000857287 -0.00360679 -0.00486416 -0.00527813 -0.00558478 -0.00596584 -0.0016375 0.00366535 -0.00108411
140 -0.000889059 -0.0036247 -0.00489303 -0.00518002 -0.00559232 -0.00598142 -0.00170657 0.00395557 -0.0017167
141 -0.000957351 -0.00367206 -0.00489998 -0.00510142 -0.00563013 -0.00603084 -0.00206233 0.0041367 -0.00220379
142 -0.00101808 -0.00375208 -0.0048782 -0.00498739 -0.00565909 -0.00623619 -0.00184414 0.00432472 -0.00290057
143 -0.00111612 -0.00380534 -0.00495141 -0.00494937 -0.005643 -0.00647555 -0.00211673 0.00447529 -0.00323869
144 -0.00123207 -0.00386021 -0.00494897 -0.00487009 -0.00567502 -0.00667212 -0.00216357 0.00454302 -0.00384373
145 -0.00133317 -0.00393395 -0.00493775 -0.00478649 -0.00567529 -0.00696156 -0.00216178 0.00472381 -0.00441093
146 -0.00145472 -0.00400503 -0.00497923 -0.00471874 -0.00571718 -0.00717099 -0.00221951 0.00476241 -0.00491104
147 -0.00157443 -0.00411186 -0.00499993 -0.00465129 -0.00575559 -0.00753619 -0.0023994 0.00491184 -0.00524046
148 -0.0016807 -0.00418005 -0.0049955 -0.00456575 -0.00577091 -0.00785936 -0.00236831 0.00503026 -0.00568344
149 -0.00183371 -0.00431006 -0.00500939 -0.00449403 -0.00578751 -0.0082184 -0.00245701 0.00511742 -0.00620107
150 -0.0019644 -0.00439344 -0.0050434 -0.00437812 -0.00580582 -0.00858199 -0.00257146 0.00523287 -0.00650673
151 -0.00212323 -0.00450255 -0.00500406 -0.00433281 -0.00580612 -0.00893701 -0.00253446 0.00518238 -0.00701966
152 -0.00227864 -0.00456229 -0.00507764 -0.00424576 -0.00578457 -0.00935349 -0.00256983 0.00521581 -0.00728417
153 -0.00243294 -0.00470585 -0.00505039 -0.00418119 -0.0057843 -0.0098041 -0.00255246 0.005222 -0.0076641
154 -0.00260352 -0.00480559 -0.00508625 -0.00412416 -0.00579515 -0.0102456 -0.00248195 0.00517512 -0.0080508
155 -0.00275714 -0.00492579 -0.00510003 -0.00406413 -0.00577341 -0.0107075 -0.0024797 0.00512617 -0.00818174
156 -0.00293021 -0.005038 -0.00512318 -0.00401507 -0.00574365 -0.0112202 -0.00245946 0.00509301 -0.00844311
157 -0.00307061 -0.00516333 -0.00511119 -0.00392471 -0.00571474 -0.0116343 -0.00247317 0.00506185 -0.00864934
158 -0.00324526 -0.00528809 -0.00515282 -0.00388634 -0.00569041 -0.0120762 -0.00237549 0.00496935 -0.00891992
159 -0.00342639 -0.00535467 -0.00517218 -0.00382595 -0.0056883 -0.0126421 -0.0022729 0.00486001 -0.00898253
160 -0.00359654 -0.00550813 -0.00516607 -0.00379597 -0.00563803 -0.0131386 -0.00216923 0.0047324 -0.00917904
161 -0.0037562 -0.00562343 -0.00517743 -0.00375072 -0.00560324 -0.0136368 -0.0019106 0.00459096 -0.00932653
162 -0.00394209 -0.00568404 -0.00518866 -0.00371966 -0.00555205 -0.0141043 -0.00181047 0.0043178 -0.00939137
163 -0.00412159 -0.00580349 -0.00517086 -0.00368614 -0.00550208 -0.0146556 -0.00170461 0.00415992 -0.00939858
164 -0.00426743 -0.00587616 -0.00516687 -0.00363424 -0.00542826 -0.0152617 -0.00144678 0.00395693 -0.00931317
165 -0.00445377 -0.00598992 -0.00516834 -0.00366746 -0.00534096 -0.0156195 -0.00126454 0.00363125 -0.00940829
166 -0.00461827 -0.00608627 -0.00521757 -0.00359394 -0.00530051 -0.016142 -0.00113491 0.00340484 -0.00932444
167 -0.004788 -0.00616165 -0.00521975 -0.00360029 -0.00518849 -0.0165178 -0.000982297 0.0030616 -0.00927335
168 -0.00493803 -0.00620363 -0.00518189 -0.00356694 -0.0050838 -0.0169454 -0.000648533 0.00280722 -0.00931739
169 -0.00509721 -0.00630041 -0.00522839 -0.00358613 -0.00499656 -0.0174034 -0.000389297 0.00247406 -0.00917283
170 -0.00523845 -0.00635725 -0.00522786 -0.00352135 -0.00489555 -0.0177606 -0.000147 0.00211343 -0.00901092
171 -0.00535927 -0.00643282 -0.00520242 -0.00351674 -0.00480339 -0.018093 7.09401e-05 0.00184085 -0.00885663
172 -0.00548037 -0.00651548 -0.00523636 -0.00349206 -0.00471204 -0.0184924 0.000576246 0.00149934 -0.00880612
173 -0.00557575 -0.00655385 -0.00523786 -0.00347106 -0.00457804 -0.0188245 0.000738227 0.00128042 -0.00856423
174 -0.00569208 -0.00659292 -0.00521075 -0.00345295 -0.00446764 -0.0190056 0.00113776 0.000870909 -0.00849851
175 -0.00579283 -0.00666179 -0.00520241 -0.00342495 -0.00436806 -0.0192814 0.00150201 0.000527526 -0.00832272
176 -0.00587587 -0.00668957 -0.0051777 -0.00338606 -0.00424852 -0.0195927 0.00187802 0.000248709 -0.00814829
177 -0.00595853 -0.00675181 -0.00514659 -0.00338086 -0.00414783 -0.0198176 0.00225756 -6.7654e-05 -0.00794164
178 -0.00605302 -0.00677652 -0.00510074 -0.00340271 -0.00403257 -0.0199914 0.00271621 -0.000520239 -0.00777002
179 -0.00614757 -0.00678512 -0.00515274 -0.00339574 -0.00389957 -0.0201678 0.00291248 -0.000898063 -0.00751277
180 -0.00620852 -0.00681926 -0.00507877 -0.00336533 -0.00381515 -0.0202606 0.0034524 -0.00121672 -0.00747441
181 -0.00631064 -0.00683058 -0.00509031 -0.00336409 -0.00370327 -0.0205159 0.00369448 -0.00157972 -0.00714084
182 -0.00635465 -0.0068172 -0.00505688 -0.00332577 -0.00356786 -0.0206527 0.0040485 -0.0018705 -0.00688765
183 -0.00640036 -0.00684584 -0.0050442 -0.00333597 -0.00347793 -0.0207233 0.0045458 -0.00218966 -0.00681737
184 -0.00647522 -0.00686375 -0.00503886 -0.00332919 -0.00334667 -0.0208073 0.00482743 -0.00249116 -0.00660148
185 -0.00651672 -0.00685248 -0.00496797 -0.0033226 -0.00324579 -0.020957 0.00528808 -0.0028236 -0.00635502
186 -0.00658394 -0.00686891 -0.00498271 -0.00331206 -0.00312768 -0.0210107 0.00542635 -0.00306622 -0.00626283
187 -0.0065998 -0.00683882 -0.00495764 -0.00327828 -0.00299471 -0.0210171 0.00574576 -0.00327581 -0.00602165
188 -0.00668044 -0.00681352 -0.0049205 -0.00328931 -0.00290076 -0.0211227 0.0059853 -0.00360982 -0.00581915
189 -0.00672068 -0.00681907 -0.00489642 -0.00324756 -0.0027678 -0.0211428 0.00614786 -0.00381976 -0.00566056
190 -0.00674572 -0.00675089 -0.00485795 -0.0032349 -0.00263307 -0.0211258 0.00647757 -0.00407743 -0.00552683
191 -0.00676858 -0.00677507 -0.00485182 -0.00322446 -0.0025429 -0.0212488 0.00675273 -0.0042498 -0.0052609
192 -0.00681058 -0.00670336 -0.0047782 -0.00322995 -0.00242478 -0.0211496 0.00687173 -0.00449766 -0.0052241
193 -0.00683328 -0.00667377 -0.00478354 -0.00323836 -0.00230295 -0.0212654 0.00706859 -0.0046315 -0.0050133
194 -0.00684524 -0.00662314 -0.00476806 -0.0032231 -0.00221243 -0.0211438 0.0072648 -0.0048792 -0.00482453
195 -0.00688129 -0.00657068 -0.00472579 -0.00320789 -0.00208756 -0.0211655 0.00724745 -0.00501415 -0.0046995
196 -0.00687898 -0.00654953 -0.00469191 -0.00318736 -0.00200275 -0.0211911 0.00737088 -0.00503629 -0.0045916
197 -0.00687316 -0.00651153 -0.00467637 -0.00317405 -0.00192617 -0.0211851 0.00751241 -0.0051231 -0.00439965
198 -0.00688455 -0.00641055 -0.00466236 -0.003146 -0.00181033 -0.0210927 0.007467 -0.00521781 -0.00437748
199 -0.0068822 -0.00637331 -0.00465142 -0.00315369 -0.001756 -0.0210288 0.00755882 -0.00528083 -0.00429218
200 -0.00688642 -0.00630452 -0.00463659 -0.00311557 -0.00167803 -0.0210264 0.00753308 -0.00526068 -0.00425199
201 -0.00686524 -0.00624661 -0.00459701 -0.00313016 -0.00160195 -0.0208996 0.00770048 -0.0053074 -0.00428945
202 -0.00686174 -0.00619318 -0.00455563 -0.0031263 -0.00151116 -0.0207676 0.00757919 -0.00531976 -0.00421066
203 -0.00685643 -0.00610164 -0.00458242 -0.00312057 -0.00148736 -0.0207045 0.00761957 -0.00528409 -0.00434058
204 -0.00684767 -0.00605455 -0.00455274 -0.00307667 -0.00145177 -0.0205187 0.00754312 -0.0052902 -0.00436553
205 -0.00685315 -0.00599938 -0.00451502 -0.00307017 -0.00141925 -0.0204693 0.00764674 -0.00524854 -0.00452503
206 -0.00683263 -0.00593552 -0.0045232 -0.0030481 -0.00138643 -0.020307 0.00763493 -0.00522234 -0.00463756
207 -0.00682512 -0.00581368 -0.00453198 -0.00301019 -0.00134725 -0.020215 0.00748004 -0.00511148 -0.00470536
208 -0.00680508 -0.00578198 -0.00452424 -0.00300249 -0.001335 -0.0200538 0.00749403 -0.00506444 -0.00487884
209 -0.00683139 -0.0056865 -0.00449055 -0.00299363 -0.00130551 -0.0198527 0.00749729 -0.00508971 -0.00520446
210 -0.00680736 -0.00565667 -0.00450828 -0.00299429 -0.001287 -0.0198368 0.00750348 -0.00494549 -0.00535977
211 -0.00679703 -0.00558852 -0.00451562 -0.00296796 -0.00133137 -0.0196398 0.0074974 -0.00486933 -0.00558529
212 -0.00678596 -0.00549671 -0.00450215 -0.00294282 -0.00131816 -0.0194257 0.00758137 -0.00479984 -0.0059901
213 -0.00677345 -0.00542181 -0.00453387 -0.00294189 -0.00133233 -0.0193303 0.00753804 -0.00473381 -0.00617374
214 -0.00673091 -0.0053639 -0.00452619 -0.00290724 -0.00133767 -0.0192654 0.00767627 -0.00452476 -0.0064812
215 -0.00671738 -0.0053124 -0.00452347 -0.00292074 -0.00135531 -0.0192234 0.00775375 -0.00444238 -0.00667119
216 -0.00670021 -0.00523588 -0.00451889 -0.00289966 -0.00136664 -0.0190545 0.00772428 -0.004336 -0.00701678
217 -0.00668158 -0.00521046 -0.00451946 -0.00290065 -0.00140052 -0.0190115 0.00783725 -0.00420773 -0.00726035
218 -0.00669671 -0.0051309 -0.00454023 -0.00289195 -0.00141247 -0.0189356 0.00774551 -0.00411109 -0.00763095
219 -0.00663869 -0.00508672 -0.00451766 -0.00294406 -0.00141932 -0.0188653 0.00808335 -0.0040212 -0.00785783
220 -0.00660426 -0.00502822 -0.00454187 -0.00291947 -0.00144281 -0.0187417 0.00793512 -0.00382664 -0.00806032
221 -0.00660111 -0.00496661 -0.00455392 -0.00292779 -0.0014806 -0.0187699 0.00809879 -0.00372448 -0.00833999
222 -0.00656543 -0.00496349 -0.00457181 -0.00296218 -0.00150373 -0.0186886 0.00801765 -0.0035415 -0.00855389
223 -0.00652703 -0.00489827 -0.00453191 -0.00293379 -0.00154998 -0.0186964 0.00818736 -0.00335719 -0.0088441
224 -0.0065106 -0.00489037 -0.00454593 -0.00297682 -0.00156614 -0.0187034 0.00825322 -0.00320015 -0.00910198
225 -0.00646785 -0.00485217 -0.00453902 -0.00299807 -0.00163805 -0.0186341 0.00830425 -0.00301204 -0.00937865
226 -0.00643885 -0.00480849 -0.00455308 -0.00301246 -0.00167017 -0.0186734 0.00838624 -0.00282337 -0.00957882
227 -0.00640865 -0.00479957 -0.00454902 -0.0030421 -0.00171444 -0.0186351 0.00840647 -0.00270182 -0.00970901
228 -0.00637278 -0.0047576 -0.00454013 -0.00305838 -0.00177336 -0.0185741 0.00854695 -0.00253329 -0.0100493
229 -0.00633422 -0.00475624 -0.00452122 -0.00307598 -0.00182815 -0.0186448 0.00858358 -0.00234087 -0.0101266
230 -0.0062969 -0.0047338 -0.00452386 -0.00312385 -0.00187997 -0.0186287 0.00863371 -0.00220546 -0.0102586
231 -0.00631067 -0.00472247 -0.00453958 -0.00315572 -0.0019191 -0.0187454 0.00860234 -0.00206107 -0.0104179
232 -0.00627053 -0.00470982 -0.00449276 -0.00319696 -0.00199655 -0.0188052 0.00875976 -0.00190861 -0.0105827
233 -0.00624724 -0.00473403 -0.00449588 -0.00322829 -0.00203582 -0.0188982 0.00878962 -0.00174444 -0.0106756
234 -0.00621571 -0.00473257 -0.00452722 -0.00325852 -0.00209354 -0.0189602 0.00886414 -0.00155322 -0.0108381
235 -0.00620075 -0.0047125 -0.00448674 -0.00328758 -0.0021121 -0.0190267 0.00888338 -0.00136284 -0.0110001
236 -0.00618673 -0.00471864 -0.00451379 -0.00331329 -0.00218925 -0.0190823 0.00886365 -0.00118346 -0.0112503
237 -0.00613961 -0.00474451 -0.00448947 -0.00335742 -0.00220165 -0.0191189 0.00896625 -0.000977393 -0.0114348
238 -0.00610948 -0.00473478 -0.00450325 -0.00340266 -0.0022737 -0.0191952 0.00891308 -0.000779976 -0.0114933
239 -0.00610912 -0.00474891 -0.00448509 -0.00345615 -0.00229597 -0.0192206 0.00881764 -0.000663239 -0.0115816
240 -0.00608848 -0.00475331 -0.00449987 -0.00348378 -0.00235836 -0.0192473 0.00880545 -0.000510481 -0.0117204
241 -0.00608948 -0.00473922 -0.00449187 -0.00351708 -0.00239981 -0.0193016 0.00872406 -0.000362048 -0.0118335
242 -0.00607078 -0.00477141 -0.00451162 -0.00358974 -0.00243875 -0.0194439 0.00864783 -0.000110779 -0.0119088
243 -0.00606681 -0.00475337 -0.00452979 -0.00362119 -0.00248659 -0.019338 0.00850475 6.51965e-06 -0.0121479
244 -0.00606138 -0.00476265 -0.00454592 -0.00369187 -0.00253763 -0.0193594 0.00852337 0.000125344 -0.0122985
245 -0.00603537 -0.0047491 -0.004519 -0.00375471 -0.00257745 -0.0194073 0.00842287 0.00030295 -0.0123255
246 -0.00602412 -0.00476706 -0.00456129 -0.0038018 -0.00261014 -0.01939 0.00835217 0.000448442 -0.0124752
247 -0.00602876 -0.00477439 -0.00456509 -0.00385264 -0.00266589 -0.0193718 0.00822067 0.000602227 -0.0126613
248 -0.00601129 -0.00475322 -0.00456454 -0.00391162 -0.00270726 -0.0193588 0.00813647 0.000704868 -0.0127429
249 -0.00600867 -0.00475374 -0.00461662 -0.00402344 -0.00275104 -0.0192505 0.00782719 0.000823643 -0.0128767
250 -0.00600604 -0.00475375 -0.00461074 -0.00406539 -0.0027812 -0.0192115 0.00768825 0.00089512 -0.012939
251 -0.00599994 -0.00474271 -0.00461509 -0.00414074 -0.00283315 -0.0191021 0.00743025 0.00106242 -0.0131385
252 -0.00598914 -0.00473886 -0.00463055 -0.00422382 -0.00284943 -0.0188761 0.00721528 0.00105606 -0.0131951
253 -0.00596372 -0.00474694 -0.00463843 -0.0042812 -0.00291648 -0.0188272 0.00702427 0.00126313 -0.0134108
254 -0.00597766 -0.00473963 -0.00466114 -0.00435224 -0.00294562 -0.0186923 0.00683553 0.0012675 -0.0134733
255 -0.00597216 -0.00470985 -0.00468865 -0.00441297 -0.00298445 -0.0186073 0.00653094 0.00145258 -0.0136618
256 -0.00595221 -0.00468717 -0.00470215 -0.00446217 -0.00301082 -0.0184408 0.0063163 0.00155903 -0.0138701
257 -0.00594578 -0.00465386 -0.00468303 -0.00451865 -0.00302694 -0.0182652 0.00616561 0.00162291 -0.0140505
258 -0.00595146 -0.0046708 -0.00474514 -0.00458792 -0.00306961 -0.0180563 0.00585735 0.00169228 -0.0142681
259 -0.0059632 -0.00464243 -0.00474346 -0.00467386 -0.00309143 -0.0179348 0.00559374 0.00176242 -0.0144218
260 -0.0059579 -0.00462031 -0.00474768 -0.0047355 -0.00309009 -0.0177786 0.00525967 0.00184937 -0.0145756
261 -0.00595471 -0.00459929 -0.0047747 -0.00478394 -0.0031312 -0.0176422 0.00491529 0.00198329 -0.0147298
262 -0.00597002 -0.00454826 -0.00480654 -0.00487077 -0.00314034 -0.0174295 0.00465173 0.00197343 -0.0148597
263 -0.00598342 -0.00450385 -0.00479263 -0.00493982 -0.00315231 -0.0172167 0.0043394 0.00198069 -0.0150735
264 -0.00597614 -0.00447426 -0.00482535 -0.00497623 -0.00316773 -0.0170521 0.00396448 0.00208334 -0.0151496
265 -0.00598802 -0.00442968 -0.00485498 -0.00502255 -0.00319064 -0.0168441 0.00365085 0.00214743 -0.0153849
266 -0.00600413 -0.00438301 -0.00485256 -0.00505556 -0.00319698 -0.0167185 0.00326058 0.00225421 -0.01557
267 -0.00601803 -0.00437044 -0.00488969 -0.00513069 -0.00318887 -0.0164781 0.00285917 0.00224055 -0.0156341
268 -0.00601158 -0.00432365 -0.00492186 -0.00518032 -0.00320446 -0.0163662 0.00251575 0.00236073 -0.0157765
269 -0.00600939 -0.00429873 -0.00492803 -0.00521884 -0.00322667 -0.0162655 0.00217549 0.00241066 -0.0158576
270 -0.00600211 -0.00426922 -0.00493294 -0.00526546 -0.00322591 -0.0160793 0.00189544 0.00247789 -0.015955
271 -0.00601923 -0.00423441 -0.0049404 -0.00527489 -0.00323521 -0.0158838 0.00151846 0.00254895 -0.0162086
272 -0.00601223 -0.00420404 -0.00494189 -0.00534212 -0.0032165 -0.015786 0.00107359 0.00263442 -0.016159
273 -0.006005 -0.0042075 -0.00495883 -0.00538025 -0.00324462 -0.0156479 0.000719075 0.002709 -0.016202
274 -0.00600378 -0.00414134 -0.00497791 -0.00539568 -0.00322401 -0.015535 0.000418781 0.00280834 -0.0163412
275 -0.00599859 -0.00414854 -0.00500263 -0.00543698 -0.00322581 -0.015436 2.80473e-05 0.00288034 -0.0163845
276 -0.00601092 -0.00410988 -0.00498821 -0.00545964 -0.00322846 -0.0152571 -0.000297306 0.00289719 -0.0164727
277 -0.00600548 -0.00406408 -0.00498271 -0.00548957 -0.0032253 -0.0152086 -0.00066342 0.00300081 -0.016505
278 -0.00600174 -0.00406816 -0.00497946 -0.00549 -0.00322386 -0.015163 -0.000918245 0.003089 -0.0165587
279 -0.00598359 -0.00402816 -0.00497764 -0.0055033 -0.00321371 -0.0150328 -0.00119288 0.00320321 -0.0167431
280 -0.00598637 -0.00401378 -0.00500761 -0.00556272 -0.00320295 -0.0149017 -0.00166805 0.00323044 -0.0166723
281 -0.00600476 -0.00399978 -0.00503451 -0.00556677 -0.00321901 -0.0148869 -0.00199626 0.00332291 -0.0168017
282 -0.00600707 -0.00395406 -0.00501898 -0.00557906 -0.00320695 -0.0147922 -0.00234703 0.00341654 -0.0168587
283 -0.0060101 -0.00396607 -0.00497474 -0.00555963 -0.00320866 -0.0147346 -0.00256726 0.00348161 -0.0170074
284 -0.0060128 -0.0039398 -0.00502686 -0.00560201 -0.00321839 -0.0147172 -0.00302136 0.00360903 -0.0170206
285 -0.00599883 -0.00393156 -0.00501553 -0.0055888 -0.00322313 -0.014644 -0.00322004 0.00370037 -0.0170788
286 -0.00600393 -0.00395209 -0.00501587 -0.0055975 -0.0032336 -0.014616 -0.00363356 0.00379365 -0.0170849
287 -0.00600393 -0.00393543 -0.00500261 -0.00559059 -0.00324448 -0.0145598 -0.00383166 0.00389896 -0.0172689
288 -0.00600946 -0.00393233 -0.0050073 -0.00556427 -0.00327798 -0.0145558 -0.00419844 0.00401383 -0.0173153
289 -0.00603798 -0.00393845 -0.00502538 -0.00559595 -0.00331275 -0.0145087 -0.00449518 0.00412551 -0.0175015
290 -0.00603652 -0.00393691 -0.00503036 -0.0055729 -0.00335632 -0.0144712 -0.00485223 0.0042523 -0.017615
291 -0.00604714 -0.00396001 -0.00500802 -0.00558323 -0.0033435 -0.0144377 -0.00504992 0.00434344 -0.0177888
292 -0.00607905 -0.00395246 -0.00501989 -0.00557579 -0.00341195 -0.0143956 -0.00543567 0.00444547 -0.0179297
293 -0.00609883 -0.00396153 -0.00500751 -0.00554904 -0.00341302 -0.0143817 -0.00566559 0.00456606 -0.0182118
294 -0.00614781 -0.0039792 -0.00502005 -0.00554627 -0.00347839 -0.0143099 -0.00598721 0.00465011 -0.0184784
295 -0.00617794 -0.0040175 -0.00499691 -0.00555007 -0.00351189 -0.014279 -0.00620449 0.00475643 -0.0187681
296 -0.00622266 -0.00402141 -0.00499554 -0.00555077 -0.00356807 -0.0142148 -0.00636423 0.00477458 -0.0190438
297 -0.00626999 -0.00405421 -0.00497117 -0.00554887 -0.00362754 -0.0142358 -0.0065669 0.00491499 -0.019334
298 -0.00631023 -0.00406228 -0.0049729 -0.00553374 -0.00368008 -0.0142536 -0.00673244 0.0050413 -0.0195761
299 -0.00640252 -0.00410001 -0.00495169 -0.00554937 -0.00374136 -0.014281 -0.00691586 0.00504838 -0.0199267
300 -0.00645325 -0.00415691 -0.00497593 -0.00557215 -0.00379295 -0.0142529 -0.00710066 0.00514289 -0.0202272
301 -0.00651167 -0.00416687 -0.0049524 -0.00554946 -0.00387324 -0.0142352 -0.00724303 0.00520622 -0.0205389
302 -0.00658896 -0.00419763 -0.00492687 -0.00556309 -0.0039201 -0.0143361 -0.00720784 0.00525278 -0.0209266
303 -0.00664717 -0.00423121 -0.00491144 -0.00559052 -0.00400164 -0.0143695 -0.00726831 0.00526977 -0.0211729
304 -0.00673969 -0.00429821 -0.00488107 -0.00560893 -0.0040757 -0.0145001 -0.00745315 0.00533232 -0.021427
305 -0.00680519 -0.00432183 -0.00487767 -0.00560771 -0.00417868 -0.0144718 -0.00749699 0.00534717 -0.0217684
306 -0.00691036 -0.00437194 -0.00484081 -0.00562535 -0.00422791 -0.0145763 -0.00743368 0.00533715 -0.0221795
307 -0.00701166 -0.00444649 -0.00487075 -0.00567138 -0.00435265 -0.0147154 -0.00761666 0.00540105 -0.0224719
308 -0.00712839 -0.00445663 -0.00485897 -0.00568284 -0.00443031 -0.0148478 -0.00767319 0.0053166 -0.022624
309 -0.00721814 -0.00453803 -0.00483419 -0.0057407 -0.00452065 -0.014901 -0.00761567 0.00528759 -0.0230418
310 -0.00735839 -0.0045688 -0.00482768 -0.00578371 -0.00463385 -0.0150276 -0.00766214 0.00520995 -0.0233827
311 -0.00746861 -0.00463923 -0.00484795 -0.00581558 -0.0047274 -0.0152171 -0.00774085 0.00523677 -0.0236423
312 -0.00759152 -0.0046998 -0.00485915 -0.00587484 -0.00485159 -0.0153602 -0.00767718 0.00515368 -0.0239874
313 -0.00771426 -0.00473625 -0.0048433 -0.00590685 -0.00493484 -0.0155984 -0.0077046 0.0051179 -0.02415
314 -0.00784804 -0.0048153 -0.0048486 -0.00598324 -0.00503173 -0.0158081 -0.00772819 0.00504193 -0.0244193
315 -0.00796949 -0.00486503 -0.0048442 -0.00602408 -0.00515686 -0.0161013 -0.00772549 0.00501806 -0.0245848
316 -0.00809885 -0.00491404 -0.00485178 -0.00606558 -0.00524955 -0.0163618 -0.00762593 0.00490938 -0.024811
317 -0.0082614 -0.00496624 -0.00487013 -0.00611974 -0.00539587 -0.0166768 -0.00762177 0.00481612 -0.0250096
318 -0.0083868 -0.00502337 -0.00483984 -0.00620772 -0.00547815 -0.0168792 -0.00756207 0.00467343 -0.0251501
319 -0.00853848 -0.00509193 -0.00485111 -0.00628051 -0.00560268 -0.0171896 -0.00741772 0.00451284 -0.0252989
320 -0.00868137 -0.00514142 -0.00487321 -0.00634289 -0.0057139 -0.0174558 -0.00731284 0.00437084 -0.0255251
321 -0.0088392 -0.00520718 -0.00485787 -0.00644004 -0.00581917 -0.0177287 -0.00714338 0.00414737 -0.0256878
322 -0.00899115 -0.00530293 -0.00491102 -0.00655418 -0.005939 -0.0180866 -0.0070947 0.00396414 -0.0256632
323 -0.00914825 -0.00534934 -0.00489065 -0.0066315 -0.00602086 -0.0183834 -0.0069353 0.00373489 -0.0257655
324 -0.00928388 -0.00539869 -0.00494584 -0.00668637 -0.00612097 -0.0186943 -0.0067758 0.00355134 -0.0257708
325 -0.00944385 -0.00548088 -0.00493587 -0.0068023 -0.00622462 -0.019006 -0.00657602 0.00326526 -0.0258364
326 -0.00959574 -0.00553097 -0.00493256 -0.00685874 -0.00632194 -0.0193207 -0.00640312 0.00301101 -0.0257554
327 -0.0097554 -0.00561363 -0.00494671 -0.00698838 -0.00641851 -0.0196816 -0.00616681 0.00270536 -0.0256928
328 -0.00990037 -0.00566558 -0.00494916 -0.00707545 -0.00651368 -0.0199712 -0.00596186 0.00243736 -0.0256859
329 -0.0100379 -0.00572359 -0.00494808 -0.00715401 -0.00658501 -0.0202873 -0.00566526 0.00209475 -0.0255753
330 -0.0102095 -0.00578351 -0.00495381 -0.00725925 -0.00667499 -0.0205712 -0.00539817 0.00167762 -0.0254447
331 -0.0103451 -0.0058459 -0.00495095 -0.0073577 -0.00673832 -0.0208657 -0.00508029 0.00129306 -0.0252326
332 -0.0104612 -0.0058863 -0.00495513 -0.00741474 -0.00682147 -0.0211275 -0.00478462 0.000947813 -0.0250731
333 -0.0106138 -0.00595138 -0.0049351 -0.00751266 -0.00687363 -0.0214194 -0.00447443 0.000488833 -0.0247957
334 -0.0107275 -0.00598709 -0.00494043 -0.00760857 -0.00694182 -0.0216553 -0.00408605 6.65796e-05 -0.024528
335 -0.0108472 -0.00604563 -0.00490815 -0.00770613 -0.00697912 -0.0219048 -0.00366008 -0.000456691 -0.0241728
336 -0.0109665 -0.00609414 -0.00489781 -0.00777384 -0.00701639 -0.0221756 -0.00318858 -0.000955952 -0.023868
337 -0.0110609 -0.0061405 -0.00486005 -0.007847 -0.00702091 -0.0223745 -0.00286664 -0.00145042 -0.023334
338 -0.0111485 -0.00615306 -0.00488517 -0.00791164 -0.00708146 -0.0225317 -0.00239595 -0.0019931 -0.022897
339 -0.0112249 -0.00619418 -0.00482563 -0.00796874 -0.00707016 -0.0227735 -0.00195063 -0.00246064 -0.0223571
340 -0.0113083 -0.00622164 -0.00479483 -0.00803397 -0.00707203 -0.0228833 -0.00139917 -0.00310845 -0.0218489
341 -0.0113651 -0.00621704 -0.00475417 -0.00806098 -0.0070677 -0.0230735 -0.000898748 -0.00365756 -0.0212474
342 -0.0114107 -0.00621859 -0.00471564 -0.00812114 -0.0070375 -0.0231456 -0.000403872 -0.00425442 -0.020606
343 -0.0114498 -0.00622564 -0.00465177 -0.00814041 -0.00700613 -0.0232646 0.000126634 -0.0048663 -0.0199059
344 -0.0114736 -0.00619603 -0.00461123 -0.00816925 -0.00700456 -0.0232463 0.000611799 -0.00554049 -0.0191398
345 -0.0114669 -0.00619775 -0.00454451 -0.00814421 -0.00694798 -0.0232733 0.00116184 -0.00613427 -0.0183473
346 -0.011443 -0.00614422 -0.00445408 -0.00812749 -0.00688433 -0.0232125 0.00163412 -0.00677207 -0.0174904
347 -0.0113975 -0.00610016 -0.00437594 -0.00809184 -0.00681873 -0.023185 0.00222295 -0.00741261 -0.0165597
348 -0.0113394 -0.00603026 -0.00429531 -0.00805226 -0.00673795 -0.0230236 0.00273044 -0.00807192 -0.0156122
349 -0.0112876 -0.00599446 -0.00419177 -0.00801056 -0.00665214 -0.022882 0.00328394 -0.0087634 -0.0146694
350 -0.011183 -0.00590407 -0.00409007 -0.00790499 -0.00656012 -0.0226867 0.00371424 -0.00939799 -0.0135322
351 -0.0110363 -0.00581269 -0.00396878 -0.00782792 -0.00643187 -0.0223522 0.00433075 -0.0100804 -0.0124159
352 -0.0109062 -0.00570371 -0.00381728 -0.00769265 -0.00629807 -0.0220838 0.0048697 -0.010714 -0.0113132
353 -0.0107163 -0.00560331 -0.00369431 -0.00756603 -0.00616036 -0.0216494 0.00535425 -0.0113304 -0.0101179
354 -0.0105273 -0.00546508 -0.00354695 -0.00741097 -0.00603084 -0.0211904 0.00582713 -0.0119832 -0.00886971
355 -0.010291 -0.00531929 -0.00339975 -0.00723075 -0.00586396 -0.0206147 0.00631838 -0.0126125 -0.00763371
356 -0.0100388 -0.00515882 -0.00319072 -0.00703846 -0.00568505 -0.019942 0.00679637 -0.0132741 -0.00632736
357 -0.00975197 -0.00498654 -0.00303784 -0.00682211 -0.00550892 -0.0192502 0.00727533 -0.0138567 -0.00499292
358 -0.00945748 -0.00480371 -0.00286566 -0.00659119 -0.00531914 -0.018496 0.00751431 -0.0144187 -0.0036168
359 -0.00909793 -0.00460644 -0.00267362 -0.00630798 -0.00511414 -0.0175576 0.00786101 -0.0149349 -0.00230228
360 -0.00874738 -0.00435835 -0.0024359 -0.00602997 -0.00487464 -0.0166263 0.00815005 -0.0154406 -0.000961599
361 -0.00836016 -0.00412344 -0.00225228 -0.00574571 -0.00464424 -0.0154815 0.00831896 -0.0160271 0.000492915
362 -0.00790738 -0.0038594 -0.00198289 -0.00539184 -0.00437987 -0.0143843 0.00862526 -0.0164442 0.00196542
363 -0.00746161 -0.00357517 -0.00172639 -0.0050459 -0.00410169 -0.0131143 0.008839 -0.0168936 0.0032992
364 -0.00696475 -0.00324712 -0.0014877 -0.00463604 -0.0038418 -0.0118155 0.008954 -0.0172615 0.00477795
365 -0.00643074 -0.00294614 -0.00121811 -0.00424118 -0.00353531 -0.0103228 0.00912007 -0.0176412 0.00619465
366 -0.00588894 -0.00257327 -0.000937697 -0.00379205 -0.00319604 -0.00882496 0.00905505 -0.0179614 0.00770379
367 -0.00527102 -0.0022052 -0.000631112 -0.00332678 -0.00284028 -0.00720798 0.0090874 -0.0181935 0.00921673
368 -0.0046212 -0.00180196 -0.000299518 -0.0028395 -0.00246824 -0.00554711 0.0091981 -0.0183763 0.0106628
369 -0.00394694 -0.00135967 1.93345e-05 -0.00228726 -0.0020701 -0.00376208 0.00909466 -0.0184956 0.0120893
370 -0.00324871 -0.00090272 0.000369946 -0.00174294 -0.00165518 -0.00192302 0.00909809 -0.0185779 0.013524
371 -0.0025098 -0.000420139 0.000750877 -0.00119149 -0.00120438 8.99199e-05 0.00893715 -0.0186409 0.0149815
372 -0.00172053 0.000112509 0.00111757 -0.000587963 -0.000739302 0.0021266 0.00882171 -0.0185775 0.0163543
373 -0.000921258 0.000662654 0.00153617 4.72845e-05 -0.000226771 0.00418687 0.00865437 -0.0184726 0.0177477
374 -7.45119e-05 0.00126992 0.00195378 0.000731745 0.000288448 0.0064155 0.00836926 -0.0183039 0.0191156
375 0.00081206 0.00188097 0.00239578 0.00143423 0.000815457 0.00868822 0.00813116 -0.0180831 0.0205288
376 0.00174973 0.00253353 0.00283821 0.00217326 0.0013971 0.0110291 0.00781924 -0.017747 0.0219952
377 0.00271383 0.00324199 0.0033326 0.00293532 0.0020084 0.013445 0.00752155 -0.0173552 0.0233454
378 0.00372763 0.00398687 0.00384498 0.00374324 0.00266576 0.0158194 0.00722932 -0.0168739 0.0247572
379 0.00474301 0.00475632 0.00434315 0.00456893 0.00333704 0.0183087 0.00674854 -0.0163271 0.026141
380 0.00581818 0.0055614 0.00487933 0.00543865 0.0040371 0.0208491 0.00628102 -0.015655 0.027519
381 0.00692964 0.00642021 0.00544655 0.00632005 0.00477903 0.0234275 0.00586731 -0.0149045 0.0288308
382 0.00807558 0.00734837 0.00601169 0.00722922 0.00556259 0.0261171 0.00538167 -0.014128 0.0301152
383 0.00926516 0.00828926 0.00662598 0.00819591 0.00639238 0.028745 0.0047949 -0.013152 0.0315279
384 0.0104865 0.00926665 0.00726069 0.00917755 0.00725486 0.0313386 0.00434937 -0.0121245 0.0328732
385 0.011761 0.0102874 0.00793139 0.010204 0.00814666 0.0340643 0.00375619 -0.0109825 0.0342563
386 0.0130397 0.0113773 0.00860037 0.011237 0.0091031 0.0368117 0.0031233 -0.00977733 0.0354894
387 0.0143923 0.0124717 0.00928729 0.0123019 0.0100777 0.0395248 0.00256001 -0.00843809 0.0368201
388 0.0157394 0.0136051 0.0100149 0.0133634 0.0111322 0.0422431 0.00189806 -0.00704481 0.038157
389 0.0171492 0.0147928 0.0107893 0.0144799 0.0122022 0.0449391 0.00131893 -0.00548467 0.0394726
390 0.0185677 0.0159875 0.0115208 0.0156161 0.0133157 0.0476648 0.000619016 -0.00385001 0.0407109
391 0.0200079 0.0172231 0.0123279 0.0167332 0.0144736 0.0503848 -9.63075e-05 -0.0021863 0.0420401
392 0.0214891 0.0184587 0.0131367 0.0179043 0.0156785 0.0530539 -0.000747042 -0.000359719 0.0433106
393 0.0229901 0.019732 0.0139984 0.0190681 0.0168905 0.0557056 -0.00136888 0.00155558 0.0445047
394 0.0245002 0.0210245 0.0148515 0.0202234 0.0181412 0.0584165 -0.00216161 0.00351295 0.0457149
395 0.0260236 0.0222936 0.0157548 0.0213953 0.0194001 0.0610633 -0.00270313 0.00556251 0.0467393
396 0.0275801 0.0235533 0.0166481 0.022582 0.0206479 0.0636554 -0.00347915 0.00777757 0.0479006
397 0.0291187 0.0247982 0.0174936 0.0237598 0.0218992 0.0661657 -0.00440811 0.010112 0.0490065
398 0.0306612 0.0260082 0.0183679 0.0249832 0.023142 0.0687373 -0.00536735 0.0125128 0.0499418
399 0.0321655 0.0271854 0.01922 0.026156 0.024356 0.0711289 -0.00635013 0.014998 0.0507967
400 0.0308313 0.0261329 0.0184619 0.0251035 0.0233014 0.0691256 -0.00803263 0.0155044 0.0471609
401 0.0294583 0.0250724 0.0176889 0.0240186 0.0222135 0.0669297 -0.00948413 0.0159233 0.0434649
402 0.028015 0.0239257 0.0168645 0.0229087 0.0210431 0.0646111 -0.0109012 0.0162923 0.039658
403 0.0265459 0.0227421 0.0160217 0.0217435 0.019846 0.0622769 -0.0123171 0.0165291 0.035957
404 0.025082 0.0215373 0.0152105 0.0206277 0.0186506 0.0598058 -0.0135773 0.0168613 0.0321821
405 0.0236013 0.0203222 0.0143597 0.0194931 0.0174702 0.057311 -0.0149154 0.0170604 0.0286047
406 0.0221577 0.0191051 0.0135076 0.018371 0.0162813 0.0547437 -0.0159676 0.0173453 0.0249535
407 0.0207228 0.0178697 0.0127094 0.0172589 0.015106 0.0520495 -0.0168613 0.0175489 0.0215101
408 0.0192909 0.0166566 0.0118999 0.0161391 0.0139696 0.0493808 -0.0177492 0.0177147 0.0180725
409 0.017878 0.015486 0.0111389 0.0150151 0.0128426 0.0467038 -0.0183695 0.0177946 0.0147592
410 0.0165086 0.0143164 0.010381 0.0139473 0.0117621 0.0439999 -0.0188554 0.017868 0.0115663
411 0.0151581 0.0131858 0.00969352 0.0128584 0.0107246 0.0412433 -0.0192416 0.0178757 0.00854338
412 0.0138187 0.0120676 0.00896549 0.0117952 0.00973053 0.0385036 -0.0196747 0.0178268 0.00572237
413 0.0125411 0.0110036 0.00828159 0.010785 0.00874894 0.0356698 -0.0198327 0.017827 0.00302949
414 0.0112562 0.00997584 0.00763496 0.00977371 0.00784337 0.0329896 -0.0199506 0.0176883 0.0003315
415 0.010044 0.00895043 0.00700491 0.00879036 0.00695399 0.030206 -0.0198518 0.0175622 -0.00207826
416 0.0088338 0.00799727 0.00637377 0.00781878 0.00612756 0.0275484 -0.0198551 0.0173332 -0.00437723
417 0.0076789 0.00708184 0.00577463 0.006888 0.00532925 0.0249199 -0.0196497 0.0170906 -0.00650957
418 0.00655401 0.00620244 0.00519635 0.0059734 0.00455878 0.0222359 -0.0194994 0.0168309 -0.00831115
419 0.00546925 0.00533539 0.00466367 0.00511594 0.00382992 0.0195838 -0.0192557 0.016595 -0.0101843
420 0.00441838 0.00453618 0.00412712 0.00428632 0.00314032 0.0170136 -0.0189591 0.0162553 -0.0117745
421 0.00340417 0.00378608 0.0036215 0.00346663 0.00249246 0.0145717 -0.0185333 0.0159025 -0.0133605
422 0.00244889 0.00307157 0.00315352 0.0026912 0.00186912 0.012151 -0.0181716 0.0155231 -0.0146739
423 0.00149222 0.00237651 0.00266976 0.00193074 0.00125778 0.0097226 -0.0177322 0.01511 -0.0159572
424 0.000586283 0.00172063 0.00220315 0.00121829 0.000691268 0.00745382 -0.017351 0.0146383 -0.0170106
425 -0.000295476 0.00111446 0.00179005 0.000526551 0.000150575 0.00523021 -0.0167584 0.0140914 -0.0180407
426 -0.00112727 0.000550435 0.00137351 -0.000127383 -0.000336406 0.00303851 -0.0162417 0.0136572 -0.0189892
427 -0.00192098 -1.23033e-05 0.000979481 -0.000766209 -0.000814624 0.00102146 -0.0157145 0.013079 -0.0197381
428 -0.00266828 -0.000521707 0.000586162 -0.0013574 -0.00129185 -0.000953821 -0.015147 0.0125957 -0.0204691
429 -0.00340638 -0.00101441 0.000241289 -0.00191636 -0.00172513 -0.00294167 -0.0145902 0.012057 -0.0210525
430 -0.00409497 -0.00145898 -0.000117318 -0.00242635 -0.00214404 -0.00477173 -0.0140094 0.0114866 -0.021583
431 -0.00474713 -0.00188066 -0.000444827 -0.00293039 -0.00252773 -0.0064955 -0.0134167 0.0109078 -0.0220323
432 -0.00537508 -0.00228858 -0.000745303 -0.00344342 -0.00289535 -0.00809172 -0.0128673 0.0102855 -0.0224093
433 -0.00597879 -0.00265821 -0.00105533 -0.00389229 -0.00324026 -0.00962987 -0.0123216 0.0096559 -0.0227137
434 -0.00655149 -0.00299535 -0.00134133 -0.00432019 -0.00356943 -0.0111212 -0.0116643 0.0089777 -0.0229199
435 -0.0070513 -0.00333792 -0.0016043 -0.0047324 -0.00388363 -0.0124929 -0.0111047 0.00837875 -0.0230481
436 -0.00754326 -0.00361179 -0.00185281 -0.00509065 -0.00416389 -0.0137254 -0.0104714 0.00771715 -0.0231796
437 -0.00799932 -0.00391166 -0.00207727 -0.00546729 -0.00440156 -0.0148899 -0.00989619 0.00700241 -0.0230833
438 -0.00840425 -0.00417015 -0.00231728 -0.00578013 -0.00465722 -0.015995 -0.00923183 0.00641925 -0.0231058
439 -0.00882055 -0.00441036 -0.00256963 -0.00610403 -0.00489917 -0.0169576 -0.00877105 0.00571099 -0.0230029
440 -0.00917077 -0.00462022 -0.00273688 -0.00635735 -0.00511019 -0.0179008 -0.00810382 0.00504853 -0.0228502
441 -0.00948551 -0.00484662 -0.00295931 -0.00660555 -0.00532933 -0.0188082 -0.00752316 0.00448176 -0.0226292
442 -0.00980961 -0.00502311 -0.00313662 -0.00686162 -0.00551556 -0.0195331 -0.00693797 0.00373647 -0.0224293
443 -0.0100716 -0.0051857 -0.00329481 -0.00706616 -0.0056901 -0.0202597 -0.0063496 0.0031398 -0.022144
444 -0.0103258 -0.00533777 -0.00343286 -0.0072576 -0.00584816 -0.0207946 -0.00577581 0.00247499 -0.021942
445 -0.0105484 -0.00547934 -0.00363035 -0.00742467 -0.0060105 -0.0213769 -0.00528112 0.00184849 -0.0214718
446 -0.0107544 -0.00560635 -0.00376382 -0.00758053 -0.00616223 -0.0218915 -0.00476344 0.00123864 -0.0211152
447 -0.0109158 -0.00572897 -0.00389821 -0.00771205 -0.00627831 -0.0223007 -0.00426428 0.000669537 -0.0207455
448 -0.0110782 -0.00581254 -0.00401021 -0.00781895 -0.00640209 -0.0225912 -0.00376415 2.71934e-05 -0.0203865
449 -0.0111831 -0.00590728 -0.00415018 -0.0079347 -0.00652267 -0.0229064 -0.00334072 -0.00049458 -0.0198623
450 -0.0113054 -0.00598399 -0.00426033 -0.00799249 -0.00663946 -0.0231299 -0.00290523 -0.00108594 -0.0194458
451 -0.0113888 -0.00606029 -0.00435202 -0.00807887 -0.00672094 -0.023373 -0.00246633 -0.00158364 -0.0189614
452 -0.0114176 -0.00608458 -0.00444398 -0.00810496 -0.00679598 -0.0234719 -0.00198439 -0.00208308 -0.0183988
453 -0.0114552 -0.00614184 -0.00451428 -0.0081285 -0.00686743 -0.0236564 -0.00154326 -0.00251657 -0.0179361
454 -0.011481 -0.00617613 -0.00458511 -0.00814977 -0.00692071 -0.0236893 -0.00111297 -0.00303878 -0.0173619
455 -0.0114873 -0.00621865 -0.00466652 -0.00815194 -0.00697747 -0.0237903 -0.000812146 -0.00338408 -0.0168911
456 -0.0114782 -0.00620715 -0.0047253 -0.00816456 -0.00702465 -0.0238004 -0.000513955 -0.00385567 -0.0162037
457 -0.0114377 -0.00622802 -0.00475732 -0.00812326 -0.00702067 -0.0237716 -0.000147169 -0.00424353 -0.0156084
458 -0.0113836 -0.00621164 -0.00481183 -0.00809246 -0.00704384 -0.0237253 0.000246666 -0.00461332 -0.0150657
459 -0.0113241 -0.00620249 -0.00484292 -0.00802212 -0.00706752 -0.0237419 0.000558296 -0.00490066 -0.0144865
460 -0.0112549 -0.00619914 -0.00487717 -0.00798593 -0.0070645 -0.023703 0.00088437 -0.00518123 -0.0139218
461 -0.0111596 -0.00616552 -0.00490015 -0.00791076 -0.00705959 -0.0236396 0.00124799 -0.0054461 -0.0133068
462 -0.0110742 -0.00611778 -0.00495374 -0.00784812 -0.00706449 -0.0234783 0.00139428 -0.00569971 -0.0127594
463 -0.0109766 -0.00610024 -0.00492445 -0.0077758 -0.00699997 -0.0234184 0.00173313 -0.00595825 -0.0121916
464 -0.0108744 -0.00605062 -0.00495649 -0.0076944 -0.00699018 -0.0232742 0.0020024 -0.00615272 -0.0117163
465 -0.0107465 -0.00599587 -0.00496187 -0.00762087 -0.00695036 -0.0231546 0.00233911 -0.00634801 -0.0111544
466 -0.0106211 -0.00593448 -0.00498906 -0.00751994 -0.00690877 -0.0229647 0.0024745 -0.00652443 -0.010604
467 -0.0105024 -0.00589438 -0.00498177 -0.00742087 -0.00683711 -0.0228773 0.00272121 -0.00666256 -0.0100412
468 -0.0103452 -0.00582721 -0.00499444 -0.0073203 -0.00678309 -0.0226329 0.00299722 -0.00678733 -0.00955983
469 -0.0102246 -0.0057845 -0.00498613 -0.00726174 -0.00669774 -0.0224553 0.00309679 -0.00689856 -0.00907767
470 -0.0100877 -0.00572042 -0.00498537 -0.00715977 -0.00663291 -0.0223173 0.00327049 -0.0069953 -0.00853984
471 -0.00991413 -0.00565905 -0.0049775 -0.00705444 -0.00654162 -0.022208 0.00346444 -0.00701242 -0.00805488
472 -0.00977408 -0.00560133 -0.00497442 -0.0069759 -0.00646922 -0.02199 0.00362333 -0.00710407 -0.00759343
473 -0.00963045 -0.00554954 -0.00497074 -0.00688907 -0.00637556 -0.0217846 0.00378482 -0.00718274 -0.00714423
474 -0.00947107 -0.00546353 -0.00495086 -0.00675935 -0.00627753 -0.0217322 0.00401482 -0.00714347 -0.00669697
475 -0.00932147 -0.00541618 -0.00495286 -0.00670649 -0.00618249 -0.0215082 0.00402802 -0.00721467 -0.00621747
476 -0.00916301 -0.00533515 -0.00496094 -0.00658994 -0.00607932 -0.0213863 0.00419901 -0.00719809 -0.00581158
477 -0.00902969 -0.00528816 -0.0049034 -0.00653785 -0.00598085 -0.0211681 0.00431501 -0.00724138 -0.00548926
478 -0.00887446 -0.0052432 -0.00492318 -0.00646357 -0.00589912 -0.0210567 0.00428684 -0.00720197 -0.00501796
479 -0.00872632 -0.00514836 -0.00486865 -0.00635118 -0.00578387 -0.0209178 0.00443483 -0.00719618 -0.00465043
480 -0.00857318 -0.00508538 -0.00488158 -0.00625645 -0.00568064 -0.02082 0.00452612 -0.00710262 -0.004267
481 -0.00843454 -0.00503869 -0.00486191 -0.00619758 -0.00557342 -0.0207002 0.00457776 -0.007119 -0.00381398
482 -0.00828736 -0.00497181 -0.00485026 -0.00613007 -0.00545064 -0.0205323 0.00467843 -0.00706098 -0.00358955
483 -0.00816744 -0.00491879 -0.00487757 -0.00604589 -0.00537138 -0.0203632 0.00465485 -0.00704942 -0.00325862
484 -0.00801043 -0.00486784 -0.0048617 -0.00599484 -0.00522866 -0.0203035 0.00481921 -0.00698443 -0.00288444
485 -0.00788683 -0.00482219 -0.0048522 -0.00595961 -0.00513854 -0.0201055 0.00483185 -0.00698817 -0.00264662
486 -0.00777147 -0.0047755 -0.00485922 -0.00592218 -0.00501666 -0.0200239 0.00493237 -0.00693554 -0.00238592
487 -0.00764235 -0.00470054 -0.00485254 -0.00585222 -0.00492325 -0.0199797 0.00493768 -0.00683752 -0.00212231
488 -0.00752536 -0.00466477 -0.00486948 -0.00582223 -0.00484106 -0.019802 0.00498668 -0.00683379 -0.00189877
489 -0.00740934 -0.00460767 -0.00486048 -0.00576848 -0.00472118 -0.0196164 0.00509839 -0.00682537 -0.00175678
490 -0.00730401 -0.00453887 -0.00484063 -0.00574093 -0.00462975 -0.0195997 0.00513661 -0.00677286 -0.00146351
491 -0.00716894 -0.00451139 -0.00484746 -0.0057028 -0.00452053 -0.0194984 0.00520088 -0.00667427 -0.00127288
492 -0.00708569 -0.0044352 -0.0048718 -0.00565059 -0.00443271 -0.0193022 0.00517191 -0.0066991 -0.00114175
493 -0.00697364 -0.00442843 -0.00488439 -0.00564494 -0.00435934 -0.0192198 0.00525795 -0.00662178 -0.00098334
494 -0.00687803 -0.00435536 -0.00485742 -0.00560206 -0.00423643 -0.019091 0.00531954 -0.00662567 -0.000868342
495 -0.00677974 -0.00430555 -0.00489512 -0.00558868 -0.00418897 -0.0189654 0.00545332 -0.00656865 -0.000844929
496 -0.00671956 -0.00428795 -0.00489753 -0.00559444 -0.00408925 -0.0188321 0.0054305 -0.00662278 -0.000721121
497 -0.00663189 -0.00422247 -0.00493327 -0.00558001 -0.00401743 -0.0187559 0.00539907 -0.00659043 -0.000512838
498 -0.00657893 -0.00418917 -0.00494472 -0.00555581 -0.00393594 -0.0187189 0.00538415 -0.00654843 -0.000447832
499 -0.00650759 -0.00416093 -0.00497302 -0.00554511 -0.00389251 -0.0185629 0.00540512 -0.00656438 -0.000456143
500 -0.00645316 -0.00415326 -0.00499748 -0.00557341 -0.00381407 -0.018434 0.00541708 -0.00659023 -0.00039079
501 -0.00640613 -0.00409904 -0.00497663 -0.00555384 -0.00376445 -0.0183511 0.00540209 -0.00658218 -0.000371682
502 -0.00631943 -0.00406313 -0.004996 -0.00554018 -0.00370767 -0.0181766 0.00534447 -0.0065613 -0.000301408
503 -0.00628236 -0.00405622 -0.00499357 -0.00555914 -0.00365494 -0.018087 0.00533934 -0.00660451 -0.000300654
504 -0.00623883 -0.00402303 -0.00502148 -0.00556241 -0.00359618 -0.0179068 0.00526306 -0.00658768 -0.000294499
505 -0.00619873 -0.00402307 -0.00502259 -0.00556544 -0.00354287 -0.0177447 0.00522687 -0.00661252 -0.000352585
506 -0.00617171 -0.00398505 -0.00504436 -0.00556393 -0.00351253 -0.0176225 0.00505468 -0.00662468 -0.000318229
507 -0.00612627 -0.00396885 -0.00503303 -0.00556933 -0.00344611 -0.0174972 0.00500909 -0.00656151 -0.00043255
508 -0.00610944 -0.00396014 -0.00504652 -0.00559812 -0.00344798 -0.0172279 0.00500815 -0.00668927 -0.000512766
509 -0.00608071 -0.00396831 -0.00503758 -0.00560747 -0.00337982 -0.0171046 0.00482017 -0.00665919 -0.000514315
510 -0.00607114 -0.00394519 -0.00506082 -0.00559846 -0.00339462 -0.0169143 0.00476824 -0.00670789 -0.000736577
511 -0.00607703 -0.00395054 -0.00505546 -0.00562571 -0.00335084 -0.0168417 0.00444574 -0.006663 -0.000770644
512 -0.00605089 -0.00394168 -0.00503675 -0.00559488 -0.00331584 -0.0166407 0.00432451 -0.00664267 -0.000911375
513 -0.00604855 -0.00394666 -0.00503401 -0.00562296 -0.00328112 -0.0165083 0.00412003 -0.00665976 -0.000983808
514 -0.00604989 -0.00396294 -0.00504829 -0.00563284 -0.00327318 -0.0162883 0.00402103 -0.00669118 -0.0011863
515 -0.00604816 -0.00394249 -0.00504853 -0.00562476 -0.00326164 -0.0161574 0.00377609 -0.00667331 -0.00129225
516 -0.00606452 -0.00395016 -0.00505895 -0.00563787 -0.00325641 -0.0159666 0.00348814 -0.00674107 -0.00133182
517 -0.00606209 -0.00397871 -0.00500592 -0.00559786 -0.00324534 -0.0159222 0.00342785 -0.00662458 -0.00160964
518 -0.00606056 -0.00396639 -0.00505423 -0.00561825 -0.00324444 -0.0156986 0.00319591 -0.00666292 -0.00167165
519 -0.00606 -0.00401138 -0.00506922 -0.00560543 -0.0032563 -0.0155462 0.00302635 -0.00664675 -0.00182318
520 -0.00604292 -0.00402602 -0.00504364 -0.00560315 -0.00323861 -0.0154025 0.00291915 -0.00662369 -0.00194899
521 -0.0060413 -0.00403996 -0.00501492 -0.00553995 -0.00325116 -0.0152681 0.00280663 -0.00659082 -0.00213736
522 -0.00605857 -0.00407951 -0.00501397 -0.00552635 -0.00325837 -0.0150384 0.00264511 -0.00662575 -0.00235729
523 -0.00606333 -0.00407686 -0.00501822 -0.00552862 -0.00326018 -0.014944 0.00258938 -0.00664341 -0.00247966
524 -0.0060682 -0.00412069 -0.00502483 -0.00549679 -0.00326338 -0.0148215 0.00234592 -0.00661548 -0.00261363
525 -0.00605636 -0.00416095 -0.00503775 -0.00547316 -0.00325926 -0.0146632 0.00233256 -0.00662531 -0.00275073
526 -0.00606125 -0.00415235 -0.00501444 -0.00543071 -0.00325665 -0.0144819 0.00216431 -0.00665021 -0.00290601
527 -0.0060624 -0.00421963 -0.00499634 -0.00541446 -0.00327695 -0.0144574 0.00209975 -0.00665436 -0.00296515
528 -0.00606939 -0.00421552 -0.004978 -0.0053765 -0.00324735 -0.0142297 0.00206557 -0.00673745 -0.00310381
529 -0.00607708 -0.00424417 -0.00497276 -0.00530559 -0.00326503 -0.0141964 0.00188539 -0.00672433 -0.00315884
530 -0.00605962 -0.00427917 -0.00496771 -0.00529816 -0.00325542 -0.0139507 0.00181143 -0.00674385 -0.00329693
531 -0.00606515 -0.00430657 -0.00496092 -0.00524642 -0.00325565 -0.0138327 0.00168273 -0.00676064 -0.00341237
532 -0.00606642 -0.00433121 -0.00495491 -0.00520456 -0.00323083 -0.0136417 0.00179304 -0.00685603 -0.00358026
533 -0.00606878 -0.00437789 -0.0049227 -0.00515363 -0.00321517 -0.0135348 0.00162917 -0.00687562 -0.00366998
534 -0.00605594 -0.00438981 -0.00488698 -0.00507714 -0.00322265 -0.0133481 0.00159687 -0.0069332 -0.00368324
535 -0.00603911 -0.00443515 -0.00488758 -0.00504219 -0.00321596 -0.0131699 0.00160972 -0.00694545 -0.00389679
536 -0.00602442 -0.00447982 -0.00486055 -0.0049953 -0.00319021 -0.0130268 0.00158352 -0.00695634 -0.00399914
537 -0.00603216 -0.00450749 -0.00482689 -0.00495734 -0.00317325 -0.0128431 0.00159772 -0.00709025 -0.00408325
538 -0.00601657 -0.00455193 -0.00483793 -0.00488617 -0.0031595 -0.0127756 0.00153701 -0.00710584 -0.0040515
539 -0.00599952 -0.00459986 -0.0048038 -0.00479938 -0.00314781 -0.0126125 0.00162772 -0.00714312 -0.00420294
540 -0.00600077 -0.00462046 -0.00477947 -0.00474713 -0.00310607 -0.0125654 0.00167054 -0.00717086 -0.00422503
541 -0.00600299 -0.00463999 -0.00477421 -0.00468291 -0.00310598 -0.0123973 0.00157414 -0.00724094 -0.00429354
542 -0.00598831 -0.00466736 -0.00477558 -0.00459564 -0.00308042 -0.0124056 0.00168106 -0.00721291 -0.00437937
543 -0.00598172 -0.00464889 -0.00471348 -0.00452538 -0.00303788 -0.0122451 0.00174875 -0.00726197 -0.00453598
544 -0.00598459 -0.00467936 -0.00473206 -0.00446566 -0.0030166 -0.0121426 0.00178419 -0.00737512 -0.00452236
545 -0.00600362 -0.00470249 -0.00472118 -0.00441591 -0.00299048 -0.0120368 0.0018072 -0.007479 -0.00458978
546 -0.00600669 -0.00473044 -0.00469169 -0.00435423 -0.00295003 -0.012021 0.00193891 -0.00749405 -0.00473217
547 -0.00599058 -0.00473711 -0.00466926 -0.00428254 -0.00292054 -0.0118944 0.00200253 -0.00755025 -0.00478557
548 -0.00601391 -0.00472834 -0.00466044 -0.00422353 -0.0028517 -0.0119051 0.002004 -0.0076102 -0.00476545
549 -0.00602154 -0.00473192 -0.00464609 -0.00413911 -0.00283351 -0.0118359 0.00211547 -0.00767249 -0.00483363
550 -0.00602475 -0.00473573 -0.00464007 -0.00405984 -0.00277983 -0.0118195 0.00226105 -0.00767555 -0.00495999
551 -0.00602734 -0.00473732 -0.00464401 -0.0040187 -0.00274942 -0.0117862 0.00235506 -0.00769023 -0.00502619
552 -0.00602735 -0.00473585 -0.00459158 -0.00390482 -0.00270545 -0.0118358 0.00246934 -0.00768864 -0.00506175
553 -0.00604301 -0.0047563 -0.00459231 -0.0038441 -0.00266118 -0.0118362 0.00267139 -0.00769113 -0.00524379
554 -0.00603364 -0.0047481 -0.00458704 -0.00379025 -0.00260441 -0.0118047 0.0028379 -0.00771596 -0.00530991
555 -0.00604383 -0.00472794 -0.00454816 -0.00374143 -0.00257099 -0.0118178 0.00298068 -0.00775518 -0.00533801
556 -0.00606758 -0.00474123 -0.00457374 -0.00367711 -0.00252932 -0.0118389 0.00302568 -0.00776554 -0.00540911
557 -0.00606976 -0.00472906 -0.00455578 -0.00360235 -0.00247696 -0.0118889 0.00316186 -0.007788 -0.00539597
558 -0.00607264 -0.00474762 -0.00453551 -0.00356993 -0.00242781 -0.011896 0.00330474 -0.00780825 -0.00540291
559 -0.00608892 -0.00471591 -0.00451416 -0.00349557 -0.00238944 -0.0119616 0.00335934 -0.00780268 -0.00540744
560 -0.00608508 -0.00472922 -0.00451988 -0.00345956 -0.00234745 -0.0119287 0.00348202 -0.00780814 -0.00543064
561 -0.00610478 -0.00472587 -0.00450793 -0.00342965 -0.00228358 -0.0119563 0.00363447 -0.00783901 -0.00550607
562 -0.00610144 -0.00471295 -0.004524 -0.00337546 -0.00226188 -0.0120107 0.0037215 -0.00780529 -0.00549684
563 -0.00613028 -0.00472174 -0.00450784 -0.00332746 -0.00218959 -0.0120146 0.00381108 -0.00780852 -0.00559882
564 -0.00617683 -0.00469783 -0.00453021 -0.00328265 -0.00217611 -0.0121208 0.00383124 -0.00783713 -0.00568046
565 -0.00618906 -0.00468901 -0.00450609 -0.00325437 -0.00209768 -0.0121436 0.00403527 -0.00784969 -0.00571009
566 -0.00620236 -0.00471054 -0.00454435 -0.00322256 -0.00207723 -0.0122073 0.00414096 -0.00783484 -0.00577161
567 -0.00623475 -0.00471355 -0.00451163 -0.00319225 -0.00201935 -0.0121617 0.00426656 -0.00792771 -0.00590041
568 -0.00625705 -0.00468931 -0.00450489 -0.00316042 -0.00198092 -0.0122532 0.00439 -0.00791109 -0.00600013
569 -0.0062973 -0.00470373 -0.00455008 -0.00311543 -0.00190371 -0.0123006 0.0044808 -0.00793603 -0.00609683
570 -0.00628128 -0.00471515 -0.00453192 -0.00308219 -0.00186283 -0.0123461 0.00462284 -0.00789959 -0.00615586
571 -0.00631926 -0.0047386 -0.00452982 -0.00303216 -0.00181071 -0.0124818 0.00479395 -0.00785628 -0.00625938
572 -0.0063573 -0.00473949 -0.00454529 -0.00301394 -0.00175596 -0.0126038 0.00487182 -0.00785675 -0.00630251
573 -0.00639346 -0.00478357 -0.0045529 -0.00299783 -0.00169788 -0.0126235 0.00487284 -0.00790087 -0.00639389
574 -0.00642115 -0.00479345 -0.00455719 -0.00296226 -0.00165245 -0.0127384 0.00509118 -0.00790252 -0.00653596
575 -0.00645066 -0.00483887 -0.0045434 -0.00294722 -0.00162154 -0.0128962 0.00515386 -0.00783409 -0.00664388
576 -0.00649549 -0.00487804 -0.00455 -0.00292359 -0.00155032 -0.0130161 0.00535975 -0.0078819 -0.00671605
577 -0.00651128 -0.00488841 -0.00453174 -0.00287898 -0.00153758 -0.0132197 0.00564575 -0.00783301 -0.00684969
578 -0.00655038 -0.00495487 -0.00457229 -0.00290439 -0.00148951 -0.0132533 0.00576893 -0.00782424 -0.00697506
579 -0.00658443 -0.00495913 -0.00455419 -0.00286862 -0.00146794 -0.0133837 0.00576741 -0.00775398 -0.0071061
580 -0.0065884 -0.00502267 -0.00454103 -0.00286124 -0.00142912 -0.0134506 0.00610499 -0.0077283 -0.00731325
581 -0.00662207 -0.00508089 -0.00451426 -0.00288416 -0.00140579 -0.0136749 0.00647303 -0.00772966 -0.00749398
582 -0.0066811 -0.00512772 -0.00453675 -0.00283275 -0.00140114 -0.0138225 0.00652932 -0.0077304 -0.00760668
583 -0.00666496 -0.00521036 -0.0045133 -0.00284119 -0.0013887 -0.0139084 0.00688827 -0.00761809 -0.00788247
584 -0.00668486 -0.00523608 -0.00451128 -0.0028365 -0.00135559 -0.0140491 0.0071048 -0.00761868 -0.00794179
585 -0.00670252 -0.00531348 -0.00451464 -0.00285783 -0.0013469 -0.0141915 0.00745174 -0.0075215 -0.00819011
586 -0.00671441 -0.00536814 -0.00451424 -0.00284121 -0.00132727 -0.0143087 0.00769879 -0.0075028 -0.00830757
587 -0.00676087 -0.00542887 -0.0045221 -0.00287728 -0.00132119 -0.0144043 0.00788475 -0.00749915 -0.00851263
588 -0.00677204 -0.00550419 -0.00448807 -0.00287986 -0.00130796 -0.0144372 0.00819563 -0.00746824 -0.00888248
589 -0.00678298 -0.00559818 -0.00450031 -0.00290501 -0.00132371 -0.0145962 0.00840023 -0.0074341 -0.00896052
590 -0.00679246 -0.00567062 -0.00449156 -0.0029309 -0.00128047 -0.014716 0.00869133 -0.00736345 -0.00920533
591 -0.00681769 -0.00570306 -0.00447299 -0.00292753 -0.00129785 -0.0147783 0.00886362 -0.00731599 -0.00941586
592 -0.00679292 -0.00579946 -0.00450774 -0.00293939 -0.00132954 -0.0149257 0.0090961 -0.00720407 -0.00952023
593 -0.00681277 -0.00582981 -0.0045136 -0.00294419 -0.00134304 -0.0149262 0.00923783 -0.00720266 -0.00981009
594 -0.00682016 -0.0059544 -0.00450565 -0.00298269 -0.00138272 -0.0151771 0.00940326 -0.00707415 -0.00984902
595 -0.00684169 -0.0060199 -0.00449824 -0.00300504 -0.00141763 -0.015247 0.00957687 -0.00701718 -0.0101085
596 -0.00683581 -0.00607433 -0.00453118 -0.0030128 -0.00144851 -0.0152778 0.00970469 -0.00697477 -0.0102537
597 -0.00684362 -0.00612606 -0.00456155 -0.00305602 -0.00148517 -0.0153575 0.00980959 -0.00686599 -0.0105437
598 -0.0068522 -0.00621661 -0.00453779 -0.00306169 -0.00151046 -0.015658 0.00997228 -0.00665809 -0.0107123
599 -0.00685417 -0.00627358 -0.00457264 -0.00306522 -0.0016005 -0.0157224 0.00997419 -0.00657543 -0.0108456
600 -0.00687895 -0.00633195 -0.0046125 -0.00305291 -0.00167691 -0.0157996 0.0100098 -0.00646868 -0.0112235
601 -0.00687118 -0.00640182 -0.00462735 -0.00308833 -0.0017561 -0.0160086 0.0100181 -0.00628095 -0.0113051
602 -0.00687505 -0.00643666 -0.00464523 -0.00308028 -0.00181265 -0.0161569 0.0100631 -0.00611698 -0.0115824
603 -0.00686013 -0.00654088 -0.00465582 -0.00310807 -0.00192838 -0.0162296 0.0100889 -0.00592112 -0.0119416
604 -0.00686695 -0.0065752 -0.00467088 -0.00312201 -0.002005 -0.0162826 0.0100599 -0.00578074 -0.0121451
605 -0.00686953 -0.00659815 -0.00471031 -0.00314082 -0.00209276 -0.0164972 0.00997878 -0.00556421 -0.0123925
606 -0.00683213 -0.00665032 -0.00475195 -0.00315544 -0.00221706 -0.0166636 0.00996003 -0.00532256 -0.0125702
607 -0.00682011 -0.00670004 -0.00476645 -0.00316992 -0.00230838 -0.0166924 0.00994912 -0.00516976 -0.0128468
608 -0.00679745 -0.00673196 -0.00476298 -0.00316395 -0.00243027 -0.0168491 0.00993217 -0.00489336 -0.0132163
609 -0.00675292 -0.00680466 -0.00483641 -0.00315452 -0.00254755 -0.0169927 0.00980703 -0.00461179 -0.0133314
610 -0.00672859 -0.00677789 -0.00484316 -0.00316735 -0.0026401 -0.0170325 0.00981789 -0.00437089 -0.0137491
611 -0.00670418 -0.00684295 -0.00488337 -0.00318021 -0.00277452 -0.0170797 0.00966516 -0.00421265 -0.0138736
612 -0.0066636 -0.00683603 -0.00490909 -0.00322197 -0.00290618 -0.0170408 0.00964436 -0.00403438 -0.0141217
613 -0.0065836 -0.00686211 -0.00494878 -0.00320825 -0.00299989 -0.0171391 0.0095924 -0.00365973 -0.0143637
614 -0.00656335 -0.00689005 -0.00497389 -0.00324041 -0.00313506 -0.0171556 0.00947802 -0.0035461 -0.0144787
615 -0.00649726 -0.00687048 -0.00496254 -0.00325381 -0.00325656 -0.0171045 0.00940468 -0.00332999 -0.0147007
616 -0.00645473 -0.00688177 -0.0050356 -0.00325968 -0.00335533 -0.0171006 0.00918262 -0.00311451 -0.0147886
617 -0.00637753 -0.0068637 -0.00504267 -0.00327019 -0.00348673 -0.0171095 0.00913413 -0.00290039 -0.0148556
618 -0.00633216 -0.00683203 -0.00505841 -0.0032596 -0.0035781 -0.0170046 0.0088993 -0.00269177 -0.0149187
619 -0.00628686 -0.0068429 -0.00509256 -0.00329622 -0.00371227 -0.0168541 0.0087104 -0.00255172 -0.0151085
620 -0.00618469 -0.00683248 -0.00508375 -0.00329907 -0.00382491 -0.0168903 0.00850154 -0.00224029 -0.0150742
621 -0.00612186 -0.00679631 -0.00515981 -0.00332786 -0.00391111 -0.0166547 0.00819852 -0.00213966 -0.0149991
622 -0.00602844 -0.00678624 -0.00510731 -0.00333553 -0.00404339 -0.0165241 0.00812927 -0.00191615 -0.0151096
623 -0.00593221 -0.00676044 -0.00515336 -0.0033168 -0.00416171 -0.0162837 0.00789186 -0.00178119 -0.0151139
624 -0.00584936 -0.00669443 -0.00519011 -0.0033229 -0.00425902 -0.0161354 0.00754377 -0.00148623 -0.0150829
625 -0.00576294 -0.00666546 -0.00521568 -0.0033644 -0.0043782 -0.0159359 0.00721552 -0.00135309 -0.0149807
626 -0.00566042 -0.006594 -0.00522369 -0.00339275 -0.00447694 -0.015615 0.00707239 -0.00122449 -0.0150595
627 -0.00554609 -0.00655323 -0.00525096 -0.00341788 -0.00458957 -0.0153397 0.00672958 -0.00104697 -0.0148858
628 -0.00544939 -0.00651199 -0.00525136 -0.00343814 -0.00472331 -0.0151363 0.00638233 -0.000859291 -0.01487
629 -0.00532773 -0.0064289 -0.00522198 -0.00346315 -0.004815 -0.0147434 0.00631583 -0.000761189 -0.014933
630 -0.00520476 -0.00635119 -0.0052471 -0.0034696 -0.00490801 -0.0144083 0.00587682 -0.000527395 -0.0148608
631 -0.00506445 -0.00629353 -0.00525098 -0.00353609 -0.00501213 -0.013959 0.00572276 -0.000438232 -0.0147852
632 -0.00490343 -0.00619314 -0.00520693 -0.00352083 -0.00509915 -0.0135697 0.00553632 -0.00021231 -0.0147778
633 -0.00475297 -0.00615022 -0.00525048 -0.00355441 -0.00520345 -0.0132384 0.00520848 -1.21367e-05 -0.0146064
634 -0.00458004 -0.00607156 -0.00525013 -0.00354723 -0.00531635 -0.0128071 0.00511688 0.000215954 -0.0147143
635 -0.00441579 -0.00597199 -0.00520426 -0.0036247 -0.00535977 -0.0123164 0.00498574 0.000318238 -0.0146372
636 -0.00422961 -0.00586035 -0.00519857 -0.00359401 -0.00544905 -0.0117715 0.00460612 0.000554977 -0.014488
637 -0.00408308 -0.00578338 -0.00520604 -0.00364655 -0.00552526 -0.0113598 0.00445022 0.000744777 -0.0145504
638 -0.00390332 -0.0056637 -0.00522773 -0.00368356 -0.00557537 -0.0108624 0.00409096 0.000954945 -0.0144143
639 -0.00372033 -0.0056001 -0.00522006 -0.00371498 -0.00562617 -0.0103638 0.003954 0.00112036 -0.014405
640 -0.00356009 -0.00548142 -0.00520453 -0.00376348 -0.00566289 -0.00987575 0.00373248 0.00130858 -0.0143675
641 -0.00339184 -0.00532706 -0.00521464 -0.0037972 -0.00571418 -0.00928981 0.00345956 0.00147787 -0.014431
642 -0.00321213 -0.00525816 -0.00519766 -0.00385971 -0.00571505 -0.00896087 0.00310976 0.00169893 -0.0141598
643 -0.00303678 -0.00513087 -0.00515896 -0.00389938 -0.00574119 -0.00845905 0.0030057 0.00187949 -0.0142047
644 -0.00289952 -0.00500798 -0.00517424 -0.00399609 -0.00577198 -0.00792673 0.00276277 0.00195797 -0.014135
645 -0.00272797 -0.00489457 -0.00515377 -0.00404711 -0.00580468 -0.00748567 0.00244553 0.00223543 -0.0141666
646 -0.00257407 -0.00477573 -0.00513434 -0.00410987 -0.00582761 -0.00704097 0.00213009 0.00246661 -0.0141186
647 -0.00240869 -0.00467567 -0.00510083 -0.00417171 -0.0058177 -0.00658558 0.00174169 0.00268352 -0.0140355
648 -0.00225547 -0.00453135 -0.00512866 -0.00423907 -0.00582238 -0.00608409 0.00145711 0.00288823 -0.0139937
649 -0.00210228 -0.00447205 -0.00505452 -0.00432909 -0.00584417 -0.00567784 0.00129549 0.00311748 -0.014111
650 -0.00194143 -0.00435847 -0.00509823 -0.00437305 -0.00584413 -0.00537221 0.00096957 0.00340869 -0.0140534
651 -0.00181389 -0.00428598 -0.00506707 -0.00449605 -0.00582805 -0.00487083 0.000651247 0.00355741 -0.0141491
652 -0.00166437 -0.00415449 -0.0050515 -0.00456992 -0.00581454 -0.00452367 0.000463169 0.00388162 -0.014294
653 -0.00156067 -0.00408618 -0.00505808 -0.00465867 -0.0058015 -0.0042187 -3.36295e-05 0.0040865 -0.0142245
654 -0.00144298 -0.00397885 -0.00503693 -0.00472726 -0.0057631 -0.00388767 -0.00038859 0.00439547 -0.0144116
655 -0.00132422 -0.00391019 -0.00499859 -0.00479688 -0.00572329 -0.00361027 -0.00057294 0.00465175 -0.0144383
656 -0.0012238 -0.00383472 -0.00500577 -0.00488201 -0.0057226 -0.00337698 -0.000891656 0.00496228 -0.0147011
657 -0.0011129 -0.00378443 -0.00501009 -0.00496757 -0.00569956 -0.0031121 -0.00111223 0.00524172 -0.0148784
658 -0.00101527 -0.00373278 -0.00493555 -0.00500711 -0.00571554 -0.00292041 -0.00157326 0.00561418 -0.0150297
659 -0.000959161 -0.00365371 -0.00495888 -0.0051242 -0.00569322 -0.0026343 -0.0018429 0.0057851 -0.0153292
660 -0.000896006 -0.00361066 -0.00495436 -0.0052081 -0.00565811 -0.00259115 -0.00215585 0.00614306 -0.0155388
661 -0.000867846 -0.00359349 -0.00492028 -0.00531438 -0.00565165 -0.00244046 -0.00242463 0.00634559 -0.0157468
662 -0.000838547 -0.00354899 -0.00487731 -0.00541033 -0.00563671 -0.00241078 -0.00256186 0.00655261 -0.016052
663 -0.000864455 -0.00353016 -0.00494254 -0.00554471 -0.00563215 -0.00235901 -0.00294575 0.00671319 -0.0162723
664 -0.000878367 -0.00351111 -0.00490917 -0.00566909 -0.00564993 -0.0023592 -0.00313424 0.00695793 -0.0167084
665 -0.000895295 -0.00348542 -0.00488948 -0.00574857 -0.00563427 -0.00235485 -0.00341038 0.00719099 -0.0171146
666 -0.000901219 -0.00350409 -0.00490669 -0.00589842 -0.00565793 -0.00241018 -0.00347555 0.00731219 -0.0174484
667 -0.00097079 -0.00351593 -0.004914 -0.00606418 -0.00565689 -0.00254284 -0.00360375 0.00744873 -0.0177941
668 -0.00100062 -0.0035632 -0.00488739 -0.00616388 -0.00566688 -0.00267461 -0.00365883 0.00763468 -0.0181429
669 -0.00108135 -0.00360527 -0.00491319 -0.00630379 -0.00568254 -0.00292291 -0.00374165 0.00777346 -0.0185359
670 -0.00116295 -0.00362928 -0.00489944 -0.00648339 -0.00572084 -0.00296145 -0.00369257 0.00772974 -0.0188533
671 -0.00129268 -0.00368569 -0.00488358 -0.00664635 -0.00573618 -0.00324469 -0.00368213 0.00771452 -0.0192553
672 -0.00137447 -0.00376699 -0.00484798 -0.00683152 -0.00576855 -0.00350096 -0.00365006 0.00772331 -0.0194275
673 -0.00147962 -0.00384635 -0.00489004 -0.00700623 -0.00580061 -0.00385303 -0.00359057 0.0077276 -0.0196571
674 -0.00163029 -0.00392181 -0.00483298 -0.00720238 -0.00579954 -0.00413169 -0.00328089 0.00754627 -0.0200407
675 -0.00177776 -0.00406931 -0.00486057 -0.00735965 -0.00592289 -0.00450539 -0.00317919 0.00743611 -0.0202784
676 -0.00193046 -0.00416314 -0.00481747 -0.00754075 -0.00592791 -0.00481657 -0.00286767 0.0072783 -0.0206598
677 -0.00210769 -0.00428313 -0.00480045 -0.0077424 -0.00599987 -0.00522762 -0.00244523 0.006956 -0.020784
678 -0.00231176 -0.00445759 -0.00479486 -0.00792966 -0.00607688 -0.00569102 -0.00229286 0.00671205 -0.0209861
679 -0.00250165 -0.00460695 -0.00476795 -0.00816707 -0.00617579 -0.00605651 -0.00178161 0.00628748 -0.0211191
680 -0.00271929 -0.00474874 -0.00473659 -0.00838592 -0.00627107 -0.00651215 -0.00137598 0.00589007 -0.0212127
681 -0.0029506 -0.00494705 -0.00472494 -0.00862509 -0.00635126 -0.00691686 -0.000766823 0.00533171 -0.0213815
682 -0.00319771 -0.00514883 -0.00466171 -0.00886627 -0.00647265 -0.00744531 -0.000308174 0.00474656 -0.0212593
683 -0.00346306 -0.00532793 -0.00463496 -0.00913943 -0.00657114 -0.00785243 0.000434831 0.00396048 -0.0213027
684 -0.00372826 -0.00554427 -0.00461823 -0.00937585 -0.00671895 -0.0084228 0.00105053 0.00326785 -0.0210754
685 -0.0040204 -0.00577982 -0.00454482 -0.00966927 -0.0068569 -0.0087474 0.00178997 0.00227753 -0.0209011
686 -0.00435026 -0.00600725 -0.00453587 -0.00992264 -0.00704208 -0.00948603 0.00244741 0.0014097 -0.0205363
687 -0.00464565 -0.0062493 -0.00445436 -0.0101831 -0.00718551 -0.00981064 0.00331909 0.000356359 -0.0203387
688 -0.00497563 -0.00642289 -0.00436801 -0.0104059 -0.00735854 -0.0102969 0.00428782 -0.000774868 -0.0200883
689 -0.00529087 -0.00673047 -0.00432312 -0.0106983 -0.00755053 -0.0107944 0.00517398 -0.0019613 -0.0195882
690 -0.00565315 -0.00696684 -0.00423594 -0.0109467 -0.00779375 -0.0113391 0.00618745 -0.00332154 -0.0190568
691 -0.00601099 -0.00721472 -0.00418543 -0.0111687 -0.00797098 -0.0117971 0.00707838 -0.00458128 -0.0185416
692 -0.00637034 -0.00745213 -0.00405328 -0.011445 -0.00821391 -0.0123277 0.00843248 -0.00603979 -0.0180401
693 -0.00672376 -0.00777207 -0.00403881 -0.0117163 -0.00848056 -0.0128781 0.00958875 -0.00755556 -0.0171955
694 -0.00709751 -0.00798395 -0.00388122 -0.0119324 -0.00871377 -0.0133676 0.0108988 -0.00917843 -0.0163783
695 -0.00747605 -0.00826371 -0.00376522 -0.0121583 -0.0089312 -0.0138658 0.0120878 -0.01089 -0.0153763
696 -0.00785407 -0.00851204 -0.00369524 -0.0123763 -0.00920147 -0.0141912 0.0134009 -0.0126991 -0.0144606
697 -0.00823041 -0.00871314 -0.00352441 -0.0125687 -0.00945708 -0.0147465 0.0149215 -0.0145272 -0.013429
698 -0.00856287 -0.0089581 -0.00337066 -0.0128047 -0.00968314 -0.0149644 0.0162897 -0.0164895 -0.0122106
699 -0.00888374 -0.00915299 -0.00318944 -0.0129664 -0.00992526 -0.0153558 0.0179993 -0.0185363 -0.0108467
700 -0.00920973 -0.00937505 -0.00300687 -0.0131625 -0.0101662 -0.015577 0.0195795 -0.0207382 -0.009326
701 -0.00947439 -0.00957425 -0.00279875 -0.0133218 -0.0103788 -0.0157741 0.0214296 -0.0229848 -0.00772764
702 -0.00975014 -0.00972254 -0.00255157 -0.0134316 -0.0105292 -0.0160673 0.0232042 -0.0252637 -0.00593037
703 -0.00997896 -0.00993133 -0.00233576 -0.0135277 -0.0107348 -0.01627 0.0252162 -0.0275295 -0.00414769
704 -0.0101858 -0.00999644 -0.00207935 -0.0136266 -0.0109212 -0.016283 0.0270065 -0.0300856 -0.00189714
705 -0.0103805 -0.0101285 -0.00185145 -0.013692 -0.0110334 -0.0162249 0.0289184 -0.0326807 0.00038855
706 -0.0104714 -0.0102015 -0.00152128 -0.0136925 -0.0111689 -0.0161358 0.0310109 -0.0352094 0.00276731
707 -0.0106103 -0.0102716 -0.00121176 -0.0136697 -0.0112578 -0.0160353 0.0330993 -0.0379726 0.0053889
708 -0.0106047 -0.010277 -0.000882222 -0.0136034 -0.0113175 -0.0157327 0.0354562 -0.0406852 0.00827538
709 -0.0106073 -0.0102565 -0.000502954 -0.0135079 -0.0112995 -0.0154395 0.0377019 -0.0435203 0.0113876
710 -0.0105443 -0.0102188 -0.000111203 -0.0133772 -0.0113204 -0.0148756 0.0400943 -0.0465622 0.0147319
711 -0.0104478 -0.0101216 0.000297453 -0.0132211 -0.0112451 -0.0141721 0.042626 -0.0496258 0.0180881
712 -0.0102484 -0.00999638 0.000741791 -0.0129405 -0.0112038 -0.0135521 0.0450828 -0.0525931 0.0219847
713 -0.0100054 -0.00987998 0.00116436 -0.0126871 -0.0110408 -0.0127301 0.0476442 -0.0557613 0.0259579
714 -0.00970445 -0.00965432 0.00172033 -0.0123537 -0.010864 -0.0115194 0.0501746 -0.0591578 0.030227
715 -0.00933897 -0.00941259 0.00225298 -0.011977 -0.0105988 -0.0104756 0.0529164 -0.0624774 0.0347894
716 -0.00887985 -0.00910173 0.00284588 -0.0115078 -0.0103523 -0.00918616 0.0557028 -0.0658656 0.0394837
717 -0.00826012 -0.00876223 0.00345764 -0.0110086 -0.0100116 -0.00742987 0.0586556 -0.0693581 0.0445708
718 -0.00765507 -0.00838136 0.00407984 -0.0103758 -0.00965438 -0.00570708 0.0611864 -0.0728306 0.0499577
719 -0.00685237 -0.00792527 0.00478044 -0.00974051 -0.00918542 -0.00356801 0.0642448 -0.0764289 0.0554417
720 -0.00602828 -0.00741631 0.00540199 -0.00903933 -0.00871612 -0.0011696 0.0669606 -0.0802402 0.0614583
721 -0.00504857 -0.0068325 0.00619602 -0.00819297 -0.00813835 0.00125915 0.0701403 -0.0838429 0.0674894
722 -0.00399887 -0.00625869 0.00704881 -0.00732028 -0.00748127 0.00403128 0.0729439 -0.0876201 0.0739421
723 -0.00282137 -0.00550655 0.00783213 -0.00631631 -0.0067732 0.00717063 0.075923 -0.0914682 0.0806375
724 -0.00155619 -0.00471851 0.00877871 -0.00525166 -0.00594433 0.0105493 0.0788688 -0.0953859 0.0876992
725 -8.41403e-05 -0.00391768 0.00972461 -0.00408563 -0.00513392 0.0143779 0.0817196 -0.0990763 0.0947311
726 0.00142335 -0.00300462 0.01073 -0.00285659 -0.0041897 0.0185248 0.0847618 -0.103095 0.102225
727 0.00309739 -0.0020725 0.0117711 -0.00152072 -0.00319196 0.022996 0.0874932 -0.106938 0.109803
728 0.00490126 -0.000954283 0.0128337 -5.7904e-05 -0.00213326 0.0277865 0.0902186 -0.110838 0.117943
729 0.00685341 0.00020256 0.0140593 0.00149907 -0.00100027 0.0328274 0.0930644 -0.114656 0.126113
730 0.00890379 0.00144379 0.0152387 0.00315589 0.000265979 0.0383399 0.0957317 -0.118518 0.134522
731 0.0110818 0.00273788 0.0165388 0.00491609 0.00157584 0.0442563 0.0985559 -0.12254 0.143081
732 0.013431 0.00413746 0.0178112 0.00677422 0.00290538 0.0505913 0.100842 -0.12637 0.152128
733 0.0159107 0.00558627 0.0191474 0.00875498 0.00434436 0.0574714 0.103229 -0.130317 0.161266
734 0.0185499 0.0072211 0.0206203 0.0108697 0.0059185 0.0645006 0.105791 -0.134096 0.170484
735 0.0213181 0.00883606 0.022063 0.013044 0.00753271 0.0721653 0.107905 -0.138007 0.180214
736 0.0242697 0.0106439 0.0236531 0.0154377 0.00927528 0.0800587 0.110053 -0.141663 0.190131
737 0.0273444 0.0124858 0.0251832 0.0178746 0.0109761 0.08865 0.111961 -0.145363 0.19999
738 0.0305715 0.0144778 0.0268428 0.0204278 0.0128 0.0976232 0.113787 -0.148922 0.209939
739 0.0339799 0.0165834 0.0285913 0.0231869 0.014776 0.106935 0.115474 -0.152362 0.220364
740 0.0375512 0.0187623 0.0303725 0.0260538 0.0168588 0.116523 0.117131 -0.155651 0.23093
741 0.0413075 0.0210645 0.032261 0.0290448 0.0190099 0.126814 0.11848 -0.158839 0.241561
742 0.0451977 0.0235216 0.0341313 0.0322125 0.0212456 0.137446 0.119535 -0.161836 0.252309
743 0.0492897 0.0259973 0.0361661 0.0354357 0.0236213 0.148611 0.120672 -0.164667 0.263087
744 0.053516 0.0287029 0.0381777 0.0388849 0.0260409 0.159895 0.121429 -0.167259 0.274251
745 0.057945 0.0314987 0.0403392 0.0424529 0.0285738 0.172059 0.121991 -0.169712 0.285099
746 0.0625688 0.034404 0.0425596 0.0461377 0.0312201 0.184451 0.122535 -0.171954 0.296413
747 0.0673135 0.0374734 0.0448257 0.0499681 0.034011 0.197201 0.122789 -0.17396 0.307716
748 0.0722929 0.0406377 0.0471944 0.0540136 0.0369027 0.210351 0.122785 -0.175455 0.318844
749 0.0774622 0.0440275 0.0495106 0.0581877 0.0398582 0.223968 0.122682 -0.176835 0.330167
750 0.082737 0.047559 0.0520332 0.062523 0.043004 0.238085 0.122357 -0.177988 0.341175
751 0.0882444 0.0512147 0.0546992 0.066968 0.0462995 0.252258 0.122019 -0.178794 0.352641
752 0.0939148 0.0549802 0.0573242 0.0716417 0.0496763 0.267023 0.121315 -0.179234 0.363943
753 0.0997862 0.0590378 0.060205 0.0764117 0.0532318 0.282198 0.120761 -0.179465 0.375012
754 0.105809 0.0631731 0.0629938 0.0814337 0.0568869 0.297259 0.119596 -0.178977 0.386267
755 0.112053 0.0675182 0.0659201 0.0867059 0.0606521 0.31271 0.118807 -0.17821 0.397492
756 0.118438 0.0720735 0.0690063 0.09205 0.0646704 0.328498 0.11752 -0.177151 0.408688
757 0.124988 0.076779 0.07209 0.0976189 0.0686612 0.344666 0.116007 -0.175622 0.41966
758 0.131801 0.0817147 0.0752767 0.103279 0.0729468 0.360903 0.11476 -0.173638 0.430759
759 0.138762 0.086747 0.0786021 0.109116 0.0773739 0.377257 0.113359 -0.171347 0.442031
760 0.145906 0.0921801 0.0820266 0.115194 0.0819967 0.393787 0.11183 -0.168355 0.452946
761 0.153226 0.0977407 0.0855188 0.121466 0.0867083 0.410336 0.110218 -0.165016 0.464024
762 0.160776 0.103515 0.0892057 0.127936 0.0916986 0.426879 0.108756 -0.161068 0.475187
763 0.168579 0.109592 0.0929946 0.134593 0.096866 0.443675 0.107411 -0.156711 0.486285
764 0.176557 0.115897 0.0968534 0.141442 0.102229 0.460246 0.105913 -0.151724 0.497675
765 0.18466 0.122371 0.100813 0.148404 0.107759 0.476947 0.104638 -0.146431 0.508729
766 0.192999 0.129251 0.105077 0.155499 0.113645 0.493631 0.103404 -0.140683 0.520112
767 0.201582 0.136315 0.10935 0.162879 0.119618 0.510147 0.102312 -0.134191 0.53156
768 0.210294 0.143696 0.113761 0.170348 0.126063 0.526598 0.100945 -0.127369 0.543199
769 0.219285 0.151299 0.11829 0.178012 0.132581 0.542937 0.099853 -0.119792 0.554933
770 0.228491 0.159221 0.122935 0.185841 0.139495 0.558879 0.0990125 -0.111572 0.566805
771 0.237833 0.167466 0.127747 0.193887 0.146593 0.574907 0.0978927 -0.10322 0.579055
772 0.247452 0.176082 0.13296 0.202032 0.154221 0.590786 0.0972844 -0.0940477 0.591076
773 0.257239 0.184823 0.138087 0.21033 0.161906 0.606336 0.0966375 -0.0844054 0.603676
774 0.26733 0.194067 0.143393 0.218815 0.170034 0.621625 0.0962659 -0.0739849 0.616321
775 0.277523 0.203548 0.148956 0.227398 0.178591 0.636951 0.0958567 -0.063404 0.629222
776 0.28802 0.213323 0.154608 0.236147 0.187365 0.651854 0.0960714 -0.052117 0.642372
777 0.298664 0.223492 0.16048 0.245079 0.196765 0.666574 0.0960946 -0.0401965 0.655547
778 0.3095 0.2339 0.166644 0.254022 0.206432 0.681069 0.0965266 -0.0278109 0.668769
779 0.320528 0.2446 0.172866 0.263048 0.216464 0.69524 0.0970113 -0.0151713 0.682546
780 0.331761 0.255374 0.179254 0.272117 0.227029 0.709443 0.0977557 -0.00189041 0.696046
781 0.343146 0.266616 0.186341 0.281402 0.23804 0.723012 0.0988574 0.0121014 0.709729
782 0.354835 0.277956 0.1931 0.290711 0.249172 0.736707 0.100752 0.0265124 0.723278
783 0.366698 0.289685 0.200378 0.299893 0.261022 0.750239 0.102566 0.0412415 0.737275
784 0.378744 0.301374 0.207722 0.309309 0.273463 0.763695 0.104029 0.0568508 0.7512
785 0.390947 0.313224 0.215531 0.318601 0.28586 0.777148 0.10669 0.0723973 0.764757
786 0.403389 0.325232 0.223489 0.328022 0.298816 0.789985 0.109008 0.0891588 0.77848
787 0.416015 0.337228 0.231823 0.33736 0.311991 0.803205 0.112294 0.106004 0.791684
788 0.428673 0.349358 0.240035 0.346597 0.325461 0.815759 0.115222 0.123575 0.8051
789 0.441434 0.36109 0.24889 0.355528 0.339117 0.82838 0.119289 0.140901 0.817982
790 0.454323 0.372536 0.25762 0.364486 0.352766 0.841234 0.122643 0.158777 0.831261
791 0.467326 0.383718 0.266732 0.373066 0.366203 0.853507 0.127261 0.177065 0.843792
792 0.480868 0.394591 0.276025 0.381771 0.379947 0.865535 0.133246 0.196608 0.855664
793 0.494834 0.405116 0.285196 0.390853 0.392819 0.877362 0.138914 0.218032 0.867146
794 0.509232 0.414266 0.293755 0.40038 0.405087 0.889163 0.141747 0.242538 0.877812
795 0.523084 0.423445 0.300998 0.41092 0.416775 0.900473 0.137772 0.269368 0.887833
796 0.537032 0.430946 0.307316 0.422147 0.42731 0.910628 0.130329 0.299661 0.896755
797 0.55077 0.438413 0.313705 0.433966 0.437566 0.921136 0.120157 0.330979 0.904382
798 0.563994 0.444103 0.320007 0.4456 0.446251 0.930947 0.108815 0.361747 0.911399
799 -nan -nan -nan -nan -nan -nan -nan -nan -nan
