# Table 
0 1 1 1 1 1 1 1 1 1
1 0.527822 0.465428 0.482042 0.307243 0.46093 0.957966 0.179373 0.185323 0.889333
2 0.517193 0.461522 0.469664 0.302981 0.452457 0.951398 0.159521 0.175148 0.877072
3 0.505155 0.457725 0.455779 0.298539 0.444198 0.9445 0.13275 0.163598 0.866531
4 0.492382 0.45319 0.441481 0.293851 0.435382 0.936043 0.10449 0.151465 0.85444
5 0.479045 0.448363 0.426033 0.288775 0.425414 0.926215 0.0756555 0.139777 0.841856
6 0.465314 0.443 0.410762 0.28331 0.415357 0.915705 0.0473196 0.127242 0.828877
7 0.451561 0.437231 0.395918 0.277525 0.404625 0.904251 0.0211542 0.114752 0.815913
8 0.438383 0.430928 0.381587 0.271491 0.393451 0.892203 -0.00121181 0.103027 0.802779
9 0.425359 0.424538 0.367468 0.265198 0.382115 0.879855 -0.0221405 0.0914576 0.789079
10 0.412967 0.417866 0.353708 0.259087 0.3708 0.867103 -0.040331 0.0812821 0.775394
11 0.401081 0.410934 0.340383 0.252849 0.359297 0.853981 -0.0566066 0.0717597 0.761887
12 0.389417 0.403682 0.327608 0.246662 0.34795 0.840478 -0.0716475 0.0630287 0.747936
13 0.378334 0.396769 0.315167 0.240659 0.336756 0.827295 -0.0845252 0.0550137 0.73405
14 0.367628 0.389793 0.303257 0.234806 0.325763 0.814016 -0.0966717 0.0476199 0.720119
15 0.35733 0.382676 0.291817 0.228913 0.314992 0.800596 -0.106685 0.0408351 0.706004
16 0.347386 0.375396 0.280741 0.223178 0.304469 0.787234 -0.116422 0.0346786 0.692398
17 0.337887 0.36814 0.2704 0.217497 0.29406 0.773977 -0.123889 0.0288842 0.678552
18 0.328719 0.361093 0.26026 0.211959 0.284065 0.760612 -0.130487 0.0238163 0.664962
19 0.319947 0.354221 0.250662 0.206749 0.274292 0.74768 -0.136163 0.0189563 0.65148
20 0.311483 0.347227 0.241441 0.201461 0.264936 0.734701 -0.140706 0.0144877 0.638118
21 0.30337 0.340221 0.232711 0.196269 0.255922 0.721963 -0.144611 0.010568 0.625128
22 0.295574 0.333371 0.224201 0.19131 0.247294 0.709539 -0.148013 0.00663584 0.61233
23 0.288043 0.32664 0.216109 0.186485 0.23902 0.697117 -0.150168 0.00312793 0.600143
24 0.280683 0.319992 0.208346 0.181576 0.230821 0.68483 -0.152007 -0.000332592 0.587944
25 0.273777 0.31347 0.201054 0.177066 0.223205 0.672834 -0.152624 -0.00326339 0.575543
26 0.267045 0.30689 0.19407 0.17246 0.21556 0.661095 -0.152901 -0.00649501 0.564189
27 0.260482 0.300542 0.187116 0.168159 0.208251 0.649329 -0.152881 -0.0091696 0.552858
28 0.254198 0.294319 0.180802 0.16387 0.201523 0.637808 -0.152176 -0.0116406 0.541577
29 0.248043 0.288099 0.174548 0.15967 0.194735 0.626507 -0.151296 -0.0142086 0.53076
30 0.242148 0.282145 0.168548 0.155684 0.188435 0.61553 -0.149784 -0.0168243 0.519789
31 0.236377 0.276109 0.162806 0.15172 0.18221 0.604389 -0.1481 -0.0190339 0.509603
32 0.230804 0.27031 0.15729 0.147888 0.176208 0.593776 -0.146382 -0.0214081 0.499403
33 0.225342 0.264588 0.152015 0.144217 0.170516 0.583096 -0.144421 -0.0235941 0.489532
34 0.220082 0.258825 0.14694 0.140516 0.164959 0.572511 -0.142211 -0.0254984 0.480008
35 0.214876 0.253354 0.142125 0.136993 0.159718 0.562301 -0.139539 -0.0277798 0.470091
36 0.209913 0.247845 0.137349 0.133535 0.154583 0.552142 -0.137014 -0.0296129 0.461103
37 0.204966 0.242502 0.132799 0.130173 0.149686 0.542095 -0.134609 -0.0316406 0.451924
38 0.200308 0.23724 0.128463 0.126895 0.144809 0.532193 -0.131622 -0.0333129 0.443355
39 0.195583 0.232119 0.124285 0.123775 0.140338 0.522321 -0.128811 -0.0351712 0.434907
40 0.191042 0.227082 0.120273 0.120725 0.135921 0.51285 -0.126102 -0.0369782 0.426371
41 0.186643 0.221985 0.116405 0.117678 0.131779 0.503299 -0.123147 -0.0384802 0.418276
42 0.18233 0.217132 0.112632 0.114762 0.127558 0.494122 -0.120273 -0.0401158 0.410158
43 0.178156 0.212419 0.109088 0.112004 0.123652 0.484913 -0.117113 -0.0417186 0.402277
44 0.173962 0.207791 0.105613 0.109264 0.11982 0.475576 -0.114396 -0.0431797 0.395036
45 0.169908 0.203067 0.10223 0.10645 0.116082 0.466724 -0.111392 -0.0448298 0.387949
46 0.165889 0.198595 0.099036 0.10386 0.112516 0.457856 -0.108621 -0.0463868 0.38059
47 0.16203 0.194118 0.0958963 0.101348 0.109015 0.448976 -0.105778 -0.0476145 0.373704
48 0.158224 0.189823 0.0928304 0.0989271 0.105624 0.440399 -0.103146 -0.0489693 0.366891
49 0.154495 0.185462 0.0899689 0.0964963 0.102429 0.431829 -0.100429 -0.0502387 0.360204
50 0.150798 0.181334 0.0872222 0.0941596 0.0992802 0.423463 -0.0977361 -0.051679 0.35355
51 0.147218 0.177184 0.0845455 0.0918751 0.0962826 0.415075 -0.0951048 -0.0529935 0.347513
52 0.143717 0.173094 0.0819746 0.089637 0.0933342 0.406739 -0.0926498 -0.0539353 0.341214
53 0.140219 0.169092 0.079407 0.0874279 0.0904482 0.398936 -0.0904729 -0.0553039 0.335037
54 0.136807 0.165225 0.0769454 0.0853659 0.0876687 0.390687 -0.0880009 -0.0563255 0.329107
55 0.133502 0.16143 0.0746038 0.0833396 0.085028 0.382732 -0.0860873 -0.0571316 0.323535
56 0.13027 0.157686 0.0724038 0.08128 0.0824648 0.374958 -0.0837556 -0.0581626 0.31794
57 0.127006 0.153938 0.0700914 0.079258 0.0798695 0.367094 -0.0815463 -0.0592535 0.31262
58 0.123825 0.150304 0.0679771 0.0773578 0.077404 0.359478 -0.0795747 -0.0602172 0.307264
59 0.120782 0.14674 0.0659229 0.0754833 0.0750151 0.351908 -0.0775571 -0.061005 0.302171
60 0.117768 0.143289 0.0639615 0.0736883 0.0726988 0.344556 -0.075471 -0.0619491 0.29705
61 0.114802 0.139752 0.0620227 0.071819 0.0704721 0.337103 -0.0736215 -0.0627034 0.292491
62 0.111941 0.136457 0.0602418 0.0700666 0.0681997 0.329807 -0.071379 -0.0634779 0.287624
63 0.109088 0.133191 0.0584673 0.068383 0.0661266 0.322674 -0.069479 -0.064378 0.283124
64 0.106276 0.129945 0.0567143 0.0666758 0.0641496 0.315581 -0.0675314 -0.0651025 0.278784
65 0.103602 0.126743 0.0551343 0.0649948 0.062087 0.308651 -0.0654773 -0.0658483 0.274505
66 0.100959 0.123612 0.0535416 0.0633756 0.0601585 0.301785 -0.0637426 -0.0664371 0.270569
67 0.0983317 0.120575 0.0520574 0.0617964 0.0582814 0.295023 -0.061647 -0.0672918 0.26674
68 0.095805 0.117586 0.050561 0.0601907 0.0564658 0.288311 -0.0597273 -0.0678511 0.262849
69 0.0932871 0.114636 0.0491467 0.0586938 0.0546971 0.281701 -0.0577449 -0.0686031 0.259088
70 0.0909157 0.11172 0.0478176 0.0571842 0.0529664 0.275223 -0.0557728 -0.0691134 0.25555
71 0.0885159 0.108926 0.0465058 0.0557378 0.0513352 0.268742 -0.0537323 -0.0696626 0.252055
72 0.0862368 0.106113 0.0451516 0.054291 0.0496852 0.262523 -0.0519043 -0.0702162 0.248834
73 0.0839002 0.103382 0.0438618 0.0527632 0.0480723 0.256356 -0.050103 -0.0709491 0.24584
74 0.0816781 0.100753 0.0426826 0.0514775 0.0466551 0.250243 -0.0482552 -0.0714018 0.2425
75 0.079533 0.0981274 0.0415432 0.0501079 0.0451761 0.244379 -0.0462279 -0.0719603 0.239311
76 0.0773899 0.0955821 0.0403802 0.0488101 0.043735 0.238552 -0.0441525 -0.0726224 0.236317
77 0.075342 0.0930211 0.0392514 0.047493 0.0424233 0.232705 -0.042349 -0.0729327 0.233334
78 0.0732868 0.0905837 0.0381605 0.0462025 0.0410897 0.227021 -0.0403929 -0.0734978 0.230442
79 0.0713478 0.0881318 0.0371111 0.0450029 0.0398072 0.221439 -0.0384619 -0.0737566 0.22738
80 0.069443 0.085806 0.0360389 0.0438206 0.0385799 0.215987 -0.0364597 -0.0742334 0.224965
81 0.0675354 0.083459 0.035004 0.0426308 0.0374281 0.210553 -0.0345549 -0.074641 0.222203
82 0.0656862 0.0810985 0.0339039 0.0414367 0.0362635 0.205431 -0.0329619 -0.0749927 0.21967
83 0.063889 0.0788788 0.0328789 0.0403241 0.035127 0.200202 -0.0314168 -0.0753242 0.217499
84 0.0620992 0.0766719 0.0319486 0.0391647 0.0340794 0.195114 -0.0294104 -0.0757763 0.214954
85 0.0604017 0.0744946 0.0309532 0.0381088 0.0329845 0.190055 -0.0276099 -0.0760032 0.212534
86 0.0586731 0.0723496 0.0300026 0.0370423 0.0320184 0.18498 -0.0261087 -0.0761916 0.210315
87 0.0570072 0.0702823 0.0290324 0.0359556 0.0309964 0.180257 -0.02455 -0.0766099 0.208185
88 0.0553823 0.0682381 0.0281123 0.0349693 0.0300071 0.175399 -0.0230638 -0.076704 0.206092
89 0.053799 0.0661944 0.027197 0.0339622 0.0291077 0.170709 -0.0212738 -0.077001 0.203887
90 0.0522429 0.0641924 0.0263017 0.0329358 0.0281691 0.166079 -0.0196286 -0.0772737 0.20192
91 0.0507008 0.0622607 0.0254418 0.0319992 0.0273221 0.161356 -0.0183515 -0.0773243 0.200163
92 0.0491725 0.0603071 0.0245508 0.0310053 0.0264797 0.156791 -0.0168858 -0.0775282 0.198228
93 0.0476717 0.0584839 0.0236512 0.0300722 0.0256498 0.15245 -0.0153159 -0.0777635 0.196162
94 0.0462367 0.0566465 0.0228185 0.0291647 0.0248303 0.147972 -0.0140019 -0.0778264 0.194586
95 0.0447681 0.0548152 0.0219623 0.0282439 0.0239999 0.143654 -0.0126686 -0.0779762 0.192629
96 0.0433496 0.0530263 0.0211744 0.0273526 0.0232142 0.139203 -0.0113501 -0.0779904 0.190989
97 0.0419933 0.05131 0.0203501 0.0264527 0.0224217 0.134993 -0.00996925 -0.0780731 0.189331
98 0.0406353 0.049576 0.0195974 0.0255749 0.02168 0.130708 -0.00874347 -0.0780347 0.187607
99 0.0393015 0.0478801 0.0188175 0.0247145 0.0209633 0.126578 -0.00725747 -0.0780551 0.185927
100 0.0380301 0.0462821 0.0180591 0.0239124 0.020267 0.12243 -0.00592861 -0.0779578 0.184435
101 0.0367055 0.0446412 0.0172826 0.023029 0.0195307 0.11841 -0.00505201 -0.0780598 0.183094
102 0.035515 0.0430403 0.0165749 0.0222729 0.0188479 0.114536 -0.00344851 -0.0780002 0.181372
103 0.0342857 0.0414969 0.0158549 0.0214642 0.0181205 0.11052 -0.00224327 -0.0779421 0.179944
104 0.0331103 0.0399751 0.0151298 0.0206594 0.0174766 0.106611 -0.00104057 -0.0778515 0.178603
105 0.0319674 0.0384645 0.0144541 0.0198631 0.0169138 0.102842 4.69481e-05 -0.0777169 0.177111
106 0.0308439 0.0369985 0.0137973 0.0191007 0.0162151 0.0991712 0.00135826 -0.0776452 0.175646
107 0.0297311 0.0355632 0.0130861 0.0183668 0.0155958 0.0954824 0.00244939 -0.0774526 0.174165
108 0.0286333 0.0341719 0.0124406 0.017658 0.0149852 0.0918773 0.00360183 -0.0773585 0.172694
109 0.0275328 0.0327997 0.0118212 0.0169808 0.0144006 0.088082 0.00471448 -0.0768715 0.170942
110 0.0265033 0.031454 0.0111718 0.0162216 0.0137687 0.0846995 0.00564257 -0.0767802 0.169694
111 0.0254405 0.0301041 0.0105589 0.0155241 0.0131964 0.0811971 0.00671583 -0.0765996 0.168048
112 0.0244098 0.0288435 0.00994294 0.0148807 0.012588 0.0778077 0.0076886 -0.0763619 0.166454
113 0.0233813 0.0275765 0.00934907 0.0142082 0.0120643 0.074443 0.00854714 -0.0762175 0.165024
114 0.0224322 0.0263127 0.00879116 0.0135337 0.0114759 0.071183 0.00962575 -0.0758917 0.163401
115 0.0214191 0.0250797 0.00821377 0.0129064 0.0109276 0.0679028 0.0104705 -0.0756192 0.161596
116 0.0204396 0.0239142 0.00768053 0.0122616 0.0103807 0.0646002 0.0113385 -0.0752894 0.160009
117 0.019513 0.0227801 0.00713191 0.0117109 0.00982888 0.0616818 0.0122055 -0.0750617 0.158115
118 0.0185412 0.0216161 0.00658593 0.0110764 0.00924727 0.0585388 0.0131351 -0.0748458 0.156478
119 0.0176171 0.0205372 0.00610641 0.0104581 0.00877145 0.0554659 0.0139779 -0.0745394 0.154698
120 0.0166828 0.0194005 0.00557683 0.00985209 0.00819778 0.0525176 0.0146322 -0.0742929 0.15314
121 0.0157705 0.0183333 0.0050809 0.00921491 0.00769207 0.0495709 0.0154874 -0.0740102 0.15129
122 0.0148942 0.0172904 0.0046399 0.00871768 0.00721021 0.0467202 0.0163779 -0.0736748 0.149323
123 0.0140081 0.0162719 0.00414178 0.00812938 0.00667773 0.0439504 0.0169583 -0.073342 0.147543
124 0.0131713 0.0152692 0.00373756 0.00756487 0.00619398 0.0413002 0.0178441 -0.0731919 0.145808
125 0.0123423 0.0143052 0.00330011 0.00702194 0.00571358 0.0384657 0.0185119 -0.072713 0.144133
126 0.0115615 0.0133536 0.00291049 0.00650251 0.00521511 0.03589 0.0193466 -0.0723857 0.142338
127 0.0107445 0.0124272 0.00248523 0.00598791 0.00469031 0.0333321 0.0201461 -0.0720567 0.14033
128 0.00998941 0.0114758 0.00210049 0.00545003 0.00425754 0.0307001 0.0208171 -0.0716089 0.138486
129 0.00921927 0.0105573 0.00177936 0.00491325 0.00378915 0.0283114 0.0213661 -0.0712482 0.136653
130 0.00845637 0.00971584 0.00140405 0.00445431 0.00333954 0.025819 0.0220874 -0.070858 0.134758
131 0.00770023 0.0088699 0.00106006 0.00394425 0.00291132 0.023463 0.0225406 -0.0704532 0.132722
132 0.00696227 0.00803547 0.00064709 0.00346484 0.0024237 0.021131 0.0230789 -0.0699984 0.130676
133 0.00625687 0.00719167 0.000349389 0.00295053 0.00199307 0.0188169 0.0236306 -0.0695538 0.128988
134 0.00553528 0.00640629 1.94226e-05 0.00251047 0.00158087 0.0164707 0.0240371 -0.0690466 0.127129
135 0.0048158 0.00563486 -0.000331216 0.00207606 0.00118068 0.014252 0.0243602 -0.0684945 0.124975
136 0.00412518 0.0048922 -0.000659455 0.00165925 0.000743308 0.0120089 0.0247675 -0.0679667 0.123193
137 0.00346856 0.00411839 -0.000958267 0.00118826 0.00035858 0.00995754 0.025129 -0.0673885 0.121131
138 0.00279133 0.00335876 -0.00126189 0.000739189 -3.47141e-05 0.00781275 0.0254727 -0.0668904 0.119213
139 0.00213672 0.00266541 -0.00155274 0.000364174 -0.000440132 0.00569159 0.0258654 -0.0662134 0.117094
140 0.00146902 0.00194822 -0.00184195 -0.000102353 -0.00086757 0.00374478 0.0261189 -0.065737 0.115094
141 0.000868268 0.0012507 -0.00213215 -0.000502369 -0.00122688 0.00164382 0.0264372 -0.0649914 0.113222
142 0.000234165 0.000585161 -0.00238389 -0.00085326 -0.00160952 -0.000300383 0.0266382 -0.0642717 0.110999
143 -0.000349494 -6.4741e-05 -0.0026677 -0.0012361 -0.00196786 -0.00220412 0.0268761 -0.0635854 0.108814
144 -0.000960025 -0.000732759 -0.00293473 -0.00169175 -0.00233413 -0.00402284 0.0271264 -0.0630136 0.106752
145 -0.00153068 -0.00135756 -0.00318595 -0.00202272 -0.00266928 -0.00583395 0.0274044 -0.0623257 0.104707
146 -0.00208945 -0.00195956 -0.00342359 -0.00235609 -0.00304389 -0.00773762 0.0278378 -0.0616163 0.102565
147 -0.00264533 -0.00258038 -0.00366511 -0.00276616 -0.00336835 -0.00941915 0.0279898 -0.0609461 0.100541
148 -0.00314827 -0.00315989 -0.00387974 -0.0030724 -0.00370409 -0.0110794 0.0282805 -0.0602069 0.0984733
149 -0.00371137 -0.0037491 -0.00410463 -0.00338984 -0.00404312 -0.0128628 0.0283039 -0.059459 0.0965119
150 -0.00420993 -0.00433099 -0.00433523 -0.00372345 -0.00435341 -0.0145368 0.0286369 -0.0587078 0.0945033
151 -0.00470158 -0.00488602 -0.0045117 -0.00404067 -0.00465435 -0.0162058 0.0289941 -0.0579047 0.0922662
152 -0.00518386 -0.00542507 -0.0047317 -0.00432561 -0.00496512 -0.0177562 0.0290912 -0.0571263 0.0903029
153 -0.0056901 -0.00595594 -0.00491902 -0.00463997 -0.00525489 -0.0193203 0.0290986 -0.0564041 0.088336
154 -0.00611349 -0.00651973 -0.00516183 -0.00493678 -0.005574 -0.020837 0.0294841 -0.0556029 0.0863519
155 -0.00658016 -0.0070255 -0.00529907 -0.00519835 -0.00583328 -0.0224417 0.0295495 -0.0547642 0.0843801
156 -0.00699693 -0.00754999 -0.00544281 -0.00545931 -0.00609298 -0.0238435 0.0298308 -0.0539479 0.0823515
157 -0.00740264 -0.00803791 -0.00565064 -0.00574598 -0.00636749 -0.025247 0.0299459 -0.0531314 0.0804579
158 -0.00786614 -0.0085282 -0.00580564 -0.006041 -0.00664744 -0.0265571 0.0300007 -0.0525294 0.0784578
159 -0.00820934 -0.00902695 -0.00598483 -0.00623873 -0.00686798 -0.0279129 0.0300877 -0.051585 0.0767299
160 -0.00860955 -0.00949751 -0.00612338 -0.00650279 -0.00712649 -0.0294156 0.0301427 -0.0506443 0.0749491
161 -0.0089686 -0.00993759 -0.00629327 -0.00670832 -0.00737741 -0.0306354 0.0302066 -0.0498864 0.073165
162 -0.00936776 -0.0103986 -0.00642557 -0.00698731 -0.00761405 -0.0319654 0.0302477 -0.0491206 0.0714701
163 -0.00972746 -0.0108588 -0.00657041 -0.00720396 -0.00782657 -0.0332619 0.030239 -0.0482462 0.0697383
164 -0.0100863 -0.0112866 -0.00672693 -0.00738842 -0.00807787 -0.0344859 0.0301761 -0.0473217 0.0678355
165 -0.0104348 -0.0117553 -0.00685546 -0.00763673 -0.00825944 -0.0356847 0.030157 -0.0464594 0.0661133
166 -0.0107889 -0.0121461 -0.00698173 -0.0077838 -0.00850275 -0.0369912 0.030134 -0.0455673 0.064438
167 -0.0111676 -0.0125626 -0.00713782 -0.00800492 -0.00869921 -0.0380998 0.029728 -0.0448063 0.0628248
168 -0.0114992 -0.012938 -0.00726186 -0.00818744 -0.00892633 -0.0392892 0.0296868 -0.0438405 0.060954
169 -0.011827 -0.0133479 -0.00735384 -0.00838402 -0.0091285 -0.0404605 0.0294527 -0.0430259 0.0595207
170 -0.0121585 -0.0137315 -0.00745961 -0.00850775 -0.00933182 -0.0416639 0.0294996 -0.0421313 0.0577818
171 -0.0124708 -0.014118 -0.0076048 -0.00869229 -0.00953672 -0.0427459 0.0292563 -0.0411934 0.0561436
172 -0.0128091 -0.0144688 -0.00770032 -0.00883034 -0.00973852 -0.0439442 0.0289112 -0.0402511 0.054494
173 -0.0131378 -0.0148122 -0.00783213 -0.00901355 -0.00994182 -0.0449153 0.0286696 -0.0394824 0.0528525
174 -0.0134315 -0.0151901 -0.00791532 -0.00914732 -0.0101398 -0.0460049 0.0284228 -0.0385547 0.0513506
175 -0.013742 -0.0155034 -0.00801834 -0.00931954 -0.0103239 -0.0470956 0.0282929 -0.0376802 0.0496695
176 -0.0140249 -0.0158324 -0.00813052 -0.00948723 -0.0105052 -0.0481042 0.028223 -0.0368178 0.0482256
177 -0.0143331 -0.016142 -0.00819976 -0.0095993 -0.0106886 -0.0491304 0.0279756 -0.0359088 0.0464638
178 -0.0146118 -0.0164522 -0.00832222 -0.00974061 -0.0109153 -0.0500866 0.0278584 -0.0350697 0.0449611
179 -0.0149052 -0.0167761 -0.0083611 -0.00987299 -0.0111194 -0.0512131 0.0277687 -0.0341288 0.043504
180 -0.0151975 -0.0170627 -0.00845415 -0.00999074 -0.0112936 -0.0521327 0.0275504 -0.0333277 0.0419283
181 -0.0154982 -0.0173526 -0.00855476 -0.0101223 -0.0115062 -0.0530545 0.0272425 -0.0325495 0.040522
182 -0.0157861 -0.0176393 -0.0086378 -0.0102634 -0.011679 -0.0538645 0.0271508 -0.0318491 0.0388819
183 -0.0160753 -0.0179256 -0.00871969 -0.0104041 -0.0118456 -0.0548023 0.0269146 -0.0310096 0.0373421
184 -0.0163756 -0.0181993 -0.00877112 -0.0105094 -0.0120709 -0.0557405 0.0267241 -0.0302299 0.0357668
185 -0.0166395 -0.0184438 -0.00886865 -0.010633 -0.0122582 -0.0564874 0.0265697 -0.0294867 0.0343473
186 -0.0169067 -0.0187202 -0.00892399 -0.0107307 -0.0124166 -0.0574044 0.0265074 -0.0286062 0.0326635
187 -0.0171867 -0.0189322 -0.00898255 -0.0108597 -0.0125916 -0.0580986 0.0264734 -0.0280477 0.0311763
188 -0.0174316 -0.0191982 -0.00907786 -0.0110056 -0.0127659 -0.0588573 0.0263483 -0.0272508 0.0296302
189 -0.0177104 -0.0194428 -0.00913467 -0.0111095 -0.0129155 -0.0595866 0.0261563 -0.0264989 0.0280964
190 -0.0179697 -0.0197091 -0.0091825 -0.0111945 -0.0130753 -0.0603232 0.0262028 -0.0257786 0.0264633
191 -0.0182019 -0.0199386 -0.00925225 -0.0113161 -0.0132384 -0.0609768 0.0260332 -0.0251088 0.0249914
192 -0.0184649 -0.0201696 -0.00932769 -0.0114028 -0.0133813 -0.0616336 0.0258831 -0.024408 0.023453
193 -0.0186874 -0.0204107 -0.00936759 -0.0115427 -0.0134966 -0.0621611 0.0259063 -0.0238444 0.0220283
194 -0.018939 -0.0205862 -0.00943015 -0.0115906 -0.0136325 -0.0628544 0.0260831 -0.023154 0.020375
195 -0.0191652 -0.0208359 -0.00949919 -0.0117452 -0.0137811 -0.0633812 0.0261013 -0.0224944 0.0187668
196 -0.019423 -0.0210567 -0.00956093 -0.0118369 -0.013889 -0.0639417 0.0260857 -0.0219732 0.0172476
197 -0.0196368 -0.0212865 -0.00960209 -0.0119047 -0.0139999 -0.0645177 0.0260555 -0.0212672 0.0158896
198 -0.0198624 -0.0214492 -0.00964932 -0.0119852 -0.0140838 -0.0650282 0.0261963 -0.0206506 0.0142018
199 -0.0200855 -0.0216866 -0.0097278 -0.0120963 -0.0141896 -0.0655036 0.0261165 -0.0199842 0.0126265
200 -0.0202932 -0.0218691 -0.00979753 -0.0121432 -0.0142796 -0.0660211 0.0261611 -0.0193592 0.0111587
201 -0.0205208 -0.0220384 -0.00984543 -0.0122583 -0.0143708 -0.0664811 0.0263004 -0.0188527 0.00954629
202 -0.0207284 -0.0222535 -0.00992082 -0.0123386 -0.0144366 -0.0668933 0.0262442 -0.0182251 0.00818062
203 -0.0209469 -0.0224301 -0.00997224 -0.0124216 -0.0145044 -0.0673485 0.0262959 -0.0177714 0.00679935
204 -0.0211458 -0.022596 -0.0100332 -0.0124688 -0.014581 -0.0677488 0.0262941 -0.0171378 0.00529858
205 -0.0213676 -0.022759 -0.0100692 -0.0125552 -0.0146186 -0.0681225 0.026372 -0.01672 0.00397007
206 -0.0215614 -0.0229222 -0.0101371 -0.0126369 -0.0147056 -0.0685887 0.0263825 -0.016096 0.0026799
207 -0.0217584 -0.0230806 -0.0101726 -0.0126921 -0.0147637 -0.0688429 0.026198 -0.015628 0.00122521
208 -0.0219776 -0.0232441 -0.0102163 -0.0127993 -0.0148092 -0.069191 0.0263706 -0.0151424 -0.00040597
209 -0.0221656 -0.0233854 -0.010236 -0.0128435 -0.0148443 -0.0696007 0.0261701 -0.0145462 -0.00161377
210 -0.0223497 -0.0235191 -0.0102978 -0.0129085 -0.0148794 -0.0698695 0.026234 -0.0141265 -0.00300305
211 -0.0225385 -0.0236703 -0.0103163 -0.0129887 -0.0149319 -0.0702748 0.0262378 -0.0136853 -0.00401799
212 -0.0227137 -0.0237928 -0.0103812 -0.0130231 -0.0149831 -0.0705996 0.0262469 -0.0131807 -0.00542743
213 -0.0228827 -0.0239258 -0.0104073 -0.0131175 -0.0150252 -0.0708232 0.0262135 -0.0127998 -0.00648601
214 -0.0230229 -0.0240652 -0.0104358 -0.0131598 -0.0150697 -0.0711938 0.026343 -0.0122649 -0.00778154
215 -0.0231879 -0.024189 -0.0104622 -0.013222 -0.0151138 -0.0714477 0.0262358 -0.0118032 -0.00890624
216 -0.0233303 -0.0243107 -0.0105142 -0.0132647 -0.0151311 -0.0718205 0.0263429 -0.0112968 -0.00986542
217 -0.0234679 -0.0243989 -0.0105595 -0.0133179 -0.0151682 -0.0719988 0.0263111 -0.0108993 -0.0109765
218 -0.0236049 -0.0245316 -0.0105786 -0.0133339 -0.015216 -0.0723521 0.0263082 -0.0104072 -0.011923
219 -0.0237458 -0.0246604 -0.0106538 -0.0134317 -0.0152621 -0.0725781 0.0263538 -0.0100458 -0.0129035
220 -0.0238645 -0.024774 -0.0106558 -0.013457 -0.015295 -0.0729188 0.0263336 -0.00948578 -0.0138218
221 -0.0239727 -0.0248786 -0.010724 -0.0135035 -0.0153336 -0.073138 0.0262412 -0.00903533 -0.0147171
222 -0.0240759 -0.0249605 -0.0107865 -0.0135549 -0.0153759 -0.0732733 0.0260744 -0.00867428 -0.0154663
223 -0.0241744 -0.025089 -0.0108074 -0.0136057 -0.0153799 -0.0735743 0.0263392 -0.00820588 -0.0163198
224 -0.0242485 -0.0251741 -0.0108504 -0.0136481 -0.0154339 -0.073772 0.0263745 -0.00780374 -0.0172001
225 -0.0243285 -0.0252864 -0.0108847 -0.0136585 -0.0154575 -0.0740005 0.0262726 -0.00733602 -0.0179989
226 -0.0243988 -0.0253784 -0.0109438 -0.0136977 -0.015508 -0.0741332 0.0264486 -0.00693244 -0.0188427
227 -0.0244806 -0.025486 -0.0109739 -0.0137233 -0.0155427 -0.0743067 0.026418 -0.00655399 -0.0195723
228 -0.0245207 -0.0255845 -0.011048 -0.0137519 -0.0155762 -0.0745435 0.0264779 -0.00601971 -0.0202461
229 -0.0245767 -0.0257052 -0.0111061 -0.0138089 -0.0156281 -0.0745759 0.0265355 -0.00568731 -0.0210335
230 -0.024585 -0.0257824 -0.0111516 -0.0137832 -0.0156582 -0.0747836 0.0267174 -0.00513542 -0.0218088
231 -0.024639 -0.0259006 -0.0112194 -0.013827 -0.0157032 -0.0748915 0.0267343 -0.00478947 -0.0223692
232 -0.0246513 -0.0260167 -0.0112576 -0.0138686 -0.0157107 -0.0750076 0.0268376 -0.00440723 -0.0229317
233 -0.0246504 -0.0261097 -0.0113005 -0.0138878 -0.0157439 -0.0751277 0.0269806 -0.00389109 -0.0236647
234 -0.0246597 -0.0261867 -0.0113794 -0.0138968 -0.015798 -0.0752356 0.0270556 -0.00331976 -0.0244556
235 -0.0246353 -0.0263021 -0.0114239 -0.0139426 -0.0158457 -0.0753181 0.027271 -0.00297448 -0.0250616
236 -0.0246419 -0.0264057 -0.0114997 -0.0139811 -0.0158643 -0.0754003 0.0275021 -0.00250165 -0.0258166
237 -0.0245951 -0.0264895 -0.0115699 -0.0139731 -0.0159317 -0.0755465 0.0276537 -0.00201969 -0.0262835
238 -0.0245711 -0.0266075 -0.0116171 -0.0140464 -0.0159492 -0.075561 0.0277732 -0.00166754 -0.0267555
239 -0.024545 -0.0266863 -0.0116907 -0.0140392 -0.0159865 -0.0756363 0.028058 -0.00121087 -0.0274615
240 -0.024506 -0.0267681 -0.0117299 -0.0140843 -0.0160136 -0.0757372 0.0283245 -0.000814657 -0.0280129
241 -0.0244653 -0.0268536 -0.0118329 -0.0141192 -0.0160471 -0.0757618 0.028497 -0.000438926 -0.0284614
242 -0.0244321 -0.026951 -0.0119112 -0.0141438 -0.0161177 -0.0758221 0.0287638 -8.61572e-05 -0.0290208
243 -0.0243709 -0.0270488 -0.0119718 -0.0141491 -0.0161771 -0.0758732 0.0290142 0.000307689 -0.0294255
244 -0.0243472 -0.0270862 -0.0120826 -0.0141534 -0.016197 -0.0759515 0.0292195 0.000693707 -0.0300748
245 -0.0242715 -0.0271633 -0.0121678 -0.0141957 -0.0162306 -0.075988 0.0294705 0.00112123 -0.030485
246 -0.0242468 -0.027272 -0.0122212 -0.0142593 -0.0162634 -0.0759821 0.029647 0.00133354 -0.0308759
247 -0.0241687 -0.0273405 -0.0123264 -0.014267 -0.0163313 -0.0759756 0.0299294 0.00169456 -0.0313522
248 -0.0240886 -0.0273907 -0.0123908 -0.0142339 -0.0163721 -0.0759319 0.0301201 0.00197833 -0.0318582
249 -0.024047 -0.0274588 -0.0124502 -0.0142482 -0.0164104 -0.0759542 0.0302995 0.00229932 -0.0323523
250 -0.0239858 -0.0275161 -0.0125402 -0.0142612 -0.0164607 -0.0759929 0.0306411 0.00258632 -0.0328037
251 -0.0239131 -0.0275915 -0.0125912 -0.0142761 -0.0164656 -0.0760014 0.0308609 0.00293048 -0.0333256
252 -0.0238514 -0.0276717 -0.0126873 -0.0143267 -0.0165508 -0.0759367 0.0310447 0.00312671 -0.0336298
253 -0.0237822 -0.027709 -0.0127378 -0.0143099 -0.0165774 -0.0760109 0.0312377 0.00345405 -0.0341319
254 -0.023709 -0.0277693 -0.0128132 -0.0143303 -0.0166079 -0.0759863 0.0315711 0.00370687 -0.0346476
255 -0.0236329 -0.0278214 -0.0128712 -0.0143375 -0.0166532 -0.076043 0.0318248 0.00410351 -0.0351429
256 -0.0235718 -0.0278523 -0.0129426 -0.0143424 -0.0166716 -0.0760057 0.0322143 0.00424879 -0.0356433
257 -0.0235111 -0.0278694 -0.0130354 -0.0143168 -0.0167083 -0.0760463 0.0323195 0.00458555 -0.0360126
258 -0.0234575 -0.0279148 -0.0130958 -0.0143147 -0.0167384 -0.076072 0.0323936 0.00489165 -0.0364446
259 -0.0233947 -0.027945 -0.0131661 -0.0143516 -0.0167671 -0.0760387 0.0327367 0.00506303 -0.0369546
260 -0.0233148 -0.0279796 -0.0132199 -0.0143509 -0.0168022 -0.0759673 0.0328338 0.0053061 -0.0372924
261 -0.0232414 -0.0279948 -0.0133178 -0.0143379 -0.0168144 -0.0759876 0.0330169 0.00559088 -0.0376797
262 -0.0231877 -0.0280173 -0.0133915 -0.014324 -0.0168289 -0.0759199 0.0331179 0.00582606 -0.0381308
263 -0.0231105 -0.0280355 -0.013448 -0.0143242 -0.0168792 -0.0758905 0.0333966 0.00612676 -0.0387949
264 -0.0230682 -0.0280039 -0.0135212 -0.0142953 -0.0168965 -0.0758496 0.0334438 0.00631923 -0.0391022
265 -0.0229968 -0.0280228 -0.0136077 -0.0143014 -0.0168861 -0.0758272 0.0334001 0.00658575 -0.0394433
266 -0.0229333 -0.0280113 -0.0136867 -0.0142995 -0.0168891 -0.0756598 0.0334251 0.00674069 -0.0397593
267 -0.0228775 -0.0280081 -0.0137723 -0.0142562 -0.0168736 -0.0756042 0.033455 0.00696358 -0.0401742
268 -0.022817 -0.0279903 -0.0138488 -0.0142562 -0.0168852 -0.0755506 0.033537 0.00723962 -0.0406191
269 -0.0227407 -0.0279675 -0.013924 -0.0142316 -0.0168643 -0.0754056 0.0335863 0.00743989 -0.0410263
270 -0.022689 -0.0279344 -0.0140384 -0.0141711 -0.0168867 -0.0753692 0.0333914 0.00773431 -0.0412954
271 -0.0226252 -0.0278961 -0.0141044 -0.0141692 -0.0168536 -0.0751633 0.0333847 0.00784941 -0.0416917
272 -0.0225632 -0.0278597 -0.0141896 -0.0141574 -0.0168398 -0.075054 0.033321 0.00810546 -0.0420938
273 -0.0224774 -0.0278168 -0.0142641 -0.0141373 -0.0168192 -0.0749089 0.0333831 0.00834095 -0.0424116
274 -0.0223981 -0.0277638 -0.0143122 -0.0140744 -0.0167806 -0.0747953 0.0334107 0.00856326 -0.0427832
275 -0.0223227 -0.0276978 -0.014399 -0.0140556 -0.0167649 -0.0745875 0.0333015 0.00880553 -0.0431445
276 -0.0222091 -0.0276479 -0.0144685 -0.0140578 -0.0167125 -0.0743889 0.0333933 0.00901351 -0.0434497
277 -0.0221149 -0.0275795 -0.0145321 -0.0139754 -0.0166659 -0.0742035 0.0332186 0.00930911 -0.0437278
278 -0.0220339 -0.0275009 -0.0145795 -0.0139508 -0.0166272 -0.0739618 0.0332605 0.00945564 -0.0440896
279 -0.0219134 -0.0274061 -0.0146344 -0.0139019 -0.0165461 -0.0737552 0.0332925 0.00971621 -0.0443256
280 -0.0217925 -0.0273143 -0.0146773 -0.0138684 -0.016485 -0.0734982 0.0332685 0.00993422 -0.0446543
281 -0.0216635 -0.0272026 -0.0147259 -0.0138108 -0.0164543 -0.0732274 0.033287 0.0101799 -0.0449738
282 -0.0215381 -0.0271392 -0.0147428 -0.0137548 -0.0163685 -0.073059 0.0334161 0.0104283 -0.0451891
283 -0.0214017 -0.0270627 -0.0147998 -0.0137246 -0.0162984 -0.0727971 0.0334416 0.0106589 -0.0454799
284 -0.0212499 -0.0269217 -0.0148121 -0.0136706 -0.0162051 -0.0724735 0.0335714 0.0108604 -0.0457821
285 -0.0210926 -0.0268022 -0.0148261 -0.0136268 -0.0161128 -0.0721329 0.0336118 0.0109998 -0.0458596
286 -0.0209404 -0.0267064 -0.0148543 -0.0135607 -0.0160174 -0.0718201 0.0338203 0.0112492 -0.046242
287 -0.0207793 -0.0265813 -0.01485 -0.0135141 -0.0159358 -0.0714662 0.0338997 0.0114838 -0.0465267
288 -0.0206325 -0.0264687 -0.0148611 -0.0134676 -0.0158416 -0.0711352 0.0340121 0.011664 -0.0467837
289 -0.0204551 -0.0263358 -0.0148601 -0.0134239 -0.0157247 -0.0708262 0.0341082 0.0119844 -0.0470086
290 -0.0202962 -0.0261728 -0.0148357 -0.0133398 -0.0156213 -0.0704304 0.0344245 0.0121274 -0.0474564
291 -0.0201139 -0.0260606 -0.0148425 -0.0132784 -0.0155248 -0.0700566 0.0345108 0.012373 -0.0476201
292 -0.0199443 -0.0258971 -0.0148239 -0.0132197 -0.0154074 -0.0697241 0.0345919 0.0126516 -0.047906
293 -0.0197698 -0.0257552 -0.014805 -0.013137 -0.0152979 -0.0693098 0.0347853 0.0128218 -0.0480836
294 -0.0195678 -0.0256008 -0.0147885 -0.013052 -0.0151579 -0.0689534 0.0347626 0.0130993 -0.0480847
295 -0.0194041 -0.0254452 -0.0147538 -0.0130179 -0.0150294 -0.0684933 0.0349293 0.0132396 -0.0484022
296 -0.0192268 -0.0252848 -0.0146965 -0.0129274 -0.0148973 -0.0681499 0.0350586 0.0134727 -0.0485348
297 -0.019063 -0.0251145 -0.0146673 -0.0128467 -0.0147758 -0.0676342 0.0350582 0.0135657 -0.048574
298 -0.0188617 -0.0249378 -0.0146133 -0.0127498 -0.0146222 -0.0671993 0.0351816 0.0138048 -0.0487318
299 -0.0186984 -0.0247317 -0.014551 -0.012641 -0.0144689 -0.0667618 0.0351579 0.013976 -0.0488109
300 -0.0185389 -0.024559 -0.0144784 -0.0125838 -0.0143258 -0.0662555 0.0351127 0.0140561 -0.0489644
301 -0.0183672 -0.0243774 -0.0143889 -0.0124852 -0.0141774 -0.0658131 0.0350853 0.0142667 -0.0490611
302 -0.0181857 -0.0241803 -0.0143221 -0.0123858 -0.0140347 -0.0653121 0.035129 0.0143867 -0.0491471
303 -0.0180113 -0.023961 -0.0142192 -0.0122611 -0.0138584 -0.0648171 0.0350667 0.0145319 -0.0491841
304 -0.0178194 -0.0237617 -0.0141173 -0.0121554 -0.0136843 -0.0643034 0.0351574 0.0146744 -0.049338
305 -0.0176264 -0.0235409 -0.0140095 -0.0120353 -0.0135513 -0.0637689 0.035251 0.0147755 -0.0494283
306 -0.01746 -0.0233103 -0.0138888 -0.0119303 -0.0133743 -0.063226 0.0351619 0.0148447 -0.0495775
307 -0.0172591 -0.0231046 -0.0137486 -0.0118176 -0.0131862 -0.0626067 0.0352161 0.0149174 -0.0495954
308 -0.0170526 -0.0228834 -0.013624 -0.0117039 -0.0130222 -0.0620091 0.0352753 0.0150334 -0.0497588
309 -0.0168611 -0.0226092 -0.0134918 -0.01156 -0.0128386 -0.0614812 0.0352893 0.0151669 -0.0498704
310 -0.016695 -0.0223698 -0.0133629 -0.0114392 -0.0126659 -0.0608475 0.03529 0.0152108 -0.0500176
311 -0.0164583 -0.0221314 -0.0132357 -0.0112794 -0.01248 -0.0602112 0.0352005 0.0153909 -0.0500413
312 -0.0162528 -0.0218861 -0.0131015 -0.0111514 -0.0123045 -0.0594867 0.0352968 0.0154516 -0.0502973
313 -0.0160624 -0.0216161 -0.0129538 -0.0110099 -0.0121321 -0.0588388 0.0352157 0.0154863 -0.0503417
314 -0.0158528 -0.0213386 -0.0127924 -0.0108641 -0.0119007 -0.0580681 0.0350018 0.0155537 -0.0502952
315 -0.0156317 -0.0210625 -0.0126558 -0.0107342 -0.0117438 -0.0573015 0.0349759 0.0156282 -0.0504892
316 -0.0154312 -0.0207714 -0.0125182 -0.0105545 -0.0115559 -0.0565974 0.0348117 0.0157568 -0.0505732
317 -0.0152141 -0.0204794 -0.0123565 -0.0104338 -0.0113586 -0.0557091 0.0346961 0.0157198 -0.0507604
318 -0.0150017 -0.020184 -0.0121805 -0.010292 -0.0111564 -0.0548813 0.0345375 0.0157505 -0.0507486
319 -0.0147656 -0.019854 -0.0120332 -0.0101077 -0.0109707 -0.0539242 0.034284 0.0158173 -0.0508985
320 -0.0145225 -0.0195551 -0.0118425 -0.00996159 -0.0107833 -0.0530325 0.0341074 0.0158167 -0.050888
321 -0.0142761 -0.0192073 -0.0116606 -0.00980024 -0.0105806 -0.0520866 0.0338984 0.0158353 -0.0509738
322 -0.0140255 -0.0188712 -0.0114817 -0.00961527 -0.010378 -0.051102 0.0337732 0.0159222 -0.0511909
323 -0.0137487 -0.0185325 -0.0112774 -0.00944079 -0.0101816 -0.0501513 0.03355 0.0159631 -0.0513317
324 -0.0135049 -0.0181775 -0.0110869 -0.00928313 -0.00998765 -0.0490585 0.0333818 0.0159006 -0.0513637
325 -0.0132344 -0.0178246 -0.0108705 -0.00910346 -0.00979928 -0.047969 0.0329829 0.0159002 -0.0513872
326 -0.0129634 -0.0174448 -0.0106654 -0.00893265 -0.00960587 -0.0468196 0.0327886 0.0158651 -0.0515812
327 -0.012678 -0.0170719 -0.0104546 -0.00876167 -0.00939628 -0.0457154 0.0323823 0.0158886 -0.0515743
328 -0.0123894 -0.0166649 -0.0102301 -0.00856827 -0.00918833 -0.0445092 0.0319552 0.0158403 -0.051621
329 -0.0120757 -0.0162792 -0.00999625 -0.00837421 -0.00898063 -0.0433473 0.0316818 0.0158714 -0.0517603
330 -0.0117859 -0.0158698 -0.0097629 -0.00816069 -0.0087694 -0.0421029 0.0311814 0.0158451 -0.0519024
331 -0.0114569 -0.0154612 -0.00952825 -0.00796261 -0.00856924 -0.040815 0.0307842 0.0158753 -0.0518413
332 -0.0111491 -0.0150426 -0.00932297 -0.00776939 -0.00834764 -0.0395392 0.0301322 0.0158359 -0.0517788
333 -0.0108194 -0.0146243 -0.00908327 -0.00756772 -0.00812014 -0.038183 0.0296558 0.0158243 -0.0518614
334 -0.0104811 -0.014184 -0.00885985 -0.00732567 -0.00790639 -0.0369224 0.0290642 0.0159173 -0.0518094
335 -0.010142 -0.0137213 -0.00862722 -0.00710519 -0.00767881 -0.035559 0.0284108 0.0159534 -0.051686
336 -0.00980429 -0.0132659 -0.00837178 -0.00690206 -0.00744823 -0.0341508 0.0278277 0.0159154 -0.0517337
337 -0.00945222 -0.0128119 -0.0081473 -0.00667421 -0.00721643 -0.0326833 0.0270816 0.0159007 -0.051635
338 -0.0091177 -0.012318 -0.00791665 -0.00642023 -0.00699504 -0.031336 0.0264529 0.0158966 -0.0514723
339 -0.0087454 -0.0118536 -0.00767027 -0.00621142 -0.00674863 -0.029816 0.0256538 0.0158965 -0.0512903
340 -0.00835798 -0.0113567 -0.00742408 -0.0059471 -0.00650976 -0.0282763 0.0249625 0.015915 -0.0512648
341 -0.00799707 -0.010856 -0.00715991 -0.00572541 -0.00626677 -0.0267656 0.0242252 0.015937 -0.0512057
342 -0.0076295 -0.0103246 -0.00690942 -0.00548703 -0.00601931 -0.0252559 0.0234206 0.0159213 -0.0509954
343 -0.00723441 -0.00981343 -0.00666704 -0.0052256 -0.00575466 -0.0236906 0.0225826 0.0159327 -0.050825
344 -0.00681054 -0.00926946 -0.00635196 -0.00496136 -0.00546465 -0.0221696 0.0218982 0.0160162 -0.0505606
345 -0.00642552 -0.00871016 -0.0060791 -0.00466965 -0.00518552 -0.020582 0.0210206 0.0159835 -0.0503634
346 -0.00603146 -0.0081504 -0.00581169 -0.0044026 -0.00493884 -0.018943 0.0200845 0.0159462 -0.0500872
347 -0.00560441 -0.00758817 -0.00550515 -0.00412883 -0.0046307 -0.0173032 0.0193525 0.0159681 -0.0499264
348 -0.00519133 -0.00701899 -0.00521816 -0.00383281 -0.00431449 -0.0158317 0.018404 0.0160707 -0.0494517
349 -0.00477139 -0.00641561 -0.00491758 -0.00353839 -0.0040259 -0.0141656 0.0175191 0.0160743 -0.0492088
350 -0.00434037 -0.0058229 -0.00459981 -0.0032856 -0.00369488 -0.0124748 0.0166298 0.0159513 -0.0487268
351 -0.0038907 -0.00521137 -0.00425548 -0.0029569 -0.00336588 -0.010877 0.0157756 0.0160321 -0.0483069
352 -0.00343409 -0.00456674 -0.00394032 -0.00264269 -0.0030199 -0.00918029 0.0148041 0.0160408 -0.0477559
353 -0.0029841 -0.00395021 -0.00357385 -0.0023421 -0.00266778 -0.00754183 0.0139778 0.0159918 -0.0472204
354 -0.0025135 -0.00328549 -0.00325032 -0.00200173 -0.00230814 -0.0057948 0.0129729 0.0159405 -0.0465682
355 -0.00204321 -0.00263304 -0.00287694 -0.00171043 -0.00192164 -0.00408973 0.0120804 0.0159312 -0.0459575
356 -0.00155808 -0.00198109 -0.00249438 -0.00134338 -0.00154706 -0.00230163 0.0111914 0.015875 -0.0454412
357 -0.00106404 -0.00127034 -0.00215299 -0.00100921 -0.00114103 -0.000514143 0.0100577 0.0158662 -0.0445766
358 -0.000550215 -0.000584694 -0.00175309 -0.000668609 -0.000727227 0.00123778 0.0091314 0.0158464 -0.043854
359 -2.15897e-05 0.000129176 -0.00136004 -0.000293444 -0.000324149 0.00296134 0.00814666 0.0158311 -0.0428706
360 0.000486142 0.000846257 -0.000961977 6.91337e-05 0.000106321 0.00476031 0.00715237 0.0158029 -0.0421318
361 0.00103606 0.00156288 -0.000562454 0.000411925 0.00054427 0.00661768 0.00613608 0.0157129 -0.0411215
362 0.00156329 0.00227936 -0.000160882 0.000787511 0.00102513 0.00843246 0.00496737 0.0156876 -0.0400711
363 0.00211278 0.0030679 0.000248488 0.00121399 0.00150217 0.0102335 0.00399449 0.0156651 -0.0390716
364 0.0026838 0.00384599 0.000705426 0.00162512 0.00199608 0.0121063 0.00299229 0.0156136 -0.0381041
365 0.00328026 0.00465035 0.00116963 0.00201574 0.00249602 0.0139695 0.00196388 0.0156159 -0.036976
366 0.00385814 0.00543553 0.00161788 0.00242548 0.00303648 0.0159118 0.000814955 0.0154939 -0.0356688
367 0.00448158 0.00624709 0.00209111 0.00284332 0.00356403 0.0178486 -7.49791e-05 0.0154151 -0.034494
368 0.00510043 0.00705668 0.00257963 0.00328568 0.00409663 0.0197597 -0.00115413 0.0153659 -0.0331396
369 0.00573472 0.00791042 0.00310227 0.00373079 0.00465992 0.0217255 -0.00212649 0.0152238 -0.031728
370 0.00641099 0.00875665 0.00364322 0.00418485 0.00526095 0.0236828 -0.00307391 0.0151668 -0.030155
371 0.00708736 0.00964334 0.00420035 0.00466408 0.00587301 0.0256648 -0.00412605 0.0151154 -0.0285639
372 0.00778561 0.0105441 0.00477523 0.00514627 0.00651387 0.0277056 -0.00503728 0.0149419 -0.0268379
373 0.00851908 0.0114406 0.00536472 0.00563881 0.00716455 0.0297884 -0.00588292 0.0148667 -0.0252249
374 0.00924851 0.0123448 0.0059807 0.00615604 0.0078601 0.0318124 -0.00690608 0.014748 -0.0233505
375 0.00998282 0.0133018 0.00660871 0.00665218 0.00856485 0.0338131 -0.00784592 0.0146669 -0.0214027
376 0.0107663 0.0142496 0.00727201 0.00721429 0.00926613 0.0359393 -0.00876449 0.0145466 -0.01947
377 0.0115525 0.0152161 0.00795363 0.00775306 0.010028 0.0380292 -0.00967711 0.0144226 -0.0173221
378 0.0123721 0.0161921 0.00866517 0.00830865 0.0108279 0.0401145 -0.0105352 0.0143108 -0.0150381
379 0.013192 0.0172129 0.0093571 0.008905 0.0116172 0.0422803 -0.0114012 0.0141386 -0.012843
380 0.0140733 0.0182237 0.0101126 0.00948408 0.0124534 0.0444627 -0.0120804 0.0140086 -0.0105438
381 0.0149318 0.0192519 0.0108967 0.0100946 0.0132929 0.0465763 -0.0129258 0.0138457 -0.00799721
382 0.0158445 0.0202948 0.0117025 0.0107224 0.0141731 0.0487837 -0.01364 0.0137203 -0.00542139
383 0.0167662 0.021379 0.0125445 0.0113498 0.0150999 0.0509909 -0.0144189 0.0135307 -0.00260922
384 0.0177026 0.0224449 0.0134081 0.0120067 0.0160241 0.0531609 -0.0150417 0.0133171 0.000173319
385 0.0186833 0.0235498 0.0143097 0.0126503 0.0170312 0.0554515 -0.015581 0.0130754 0.0030686
386 0.019689 0.0246638 0.0152528 0.0133527 0.018014 0.0576933 -0.0160128 0.0128743 0.00596853
387 0.0207135 0.025772 0.0162147 0.0140323 0.0190624 0.0600018 -0.0163378 0.0125583 0.00913018
388 0.0217898 0.0269188 0.0172209 0.0147414 0.0201397 0.0622414 -0.0166042 0.0123929 0.0123878
389 0.0228887 0.0280708 0.0182704 0.0154857 0.0212311 0.0645281 -0.0167039 0.0120548 0.0158684
390 0.0240048 0.0292538 0.0193486 0.0162267 0.0223541 0.0668283 -0.0167641 0.011782 0.0192649
391 0.0251603 0.0304125 0.0204779 0.016968 0.0235249 0.0690889 -0.0165204 0.0114373 0.0229438
392 0.0263624 0.0315913 0.0216238 0.0177386 0.0247192 0.0714255 -0.0162016 0.0111316 0.0265165
393 0.0276007 0.0327838 0.0228396 0.0185079 0.0259107 0.0736978 -0.0156643 0.0108426 0.0303184
394 0.0288668 0.0339678 0.0240503 0.0193038 0.0271298 0.0760127 -0.0149349 0.0104881 0.0340129
395 0.0301737 0.0351553 0.0253062 0.0200936 0.0283901 0.0782731 -0.0140428 0.0101935 0.0380324
396 0.0314948 0.0363335 0.0265895 0.0208738 0.0295917 0.0806433 -0.0129312 0.00975352 0.0419478
397 0.0328435 0.0375037 0.0278832 0.0216822 0.0308276 0.082867 -0.0117466 0.00944808 0.0460777
398 0.0342102 0.0386465 0.0291864 0.0224464 0.0320354 0.0851046 -0.0101927 0.00903107 0.050047
399 0.0355475 0.0397658 0.0304436 0.0232087 0.0332432 0.0873048 -0.00871384 0.00852825 0.0542474
400 0.0343316 0.038715 0.0293604 0.0224892 0.0322068 0.0851263 -0.00823947 0.00705028 0.0540521
401 0.0330738 0.0376268 0.0281743 0.0217814 0.0310941 0.0828525 -0.00805204 0.00567768 0.0536831
402 0.0317876 0.0365191 0.0269814 0.0210361 0.029926 0.0805133 -0.00763072 0.00429907 0.053141
403 0.0304867 0.0353902 0.0257559 0.0202944 0.0287604 0.0781493 -0.00728085 0.00294139 0.052526
404 0.0292046 0.0342394 0.0245412 0.0195079 0.0275712 0.0757571 -0.00696166 0.00162039 0.0520305
405 0.0279566 0.0330819 0.0233423 0.0187541 0.0264231 0.0734252 -0.0065756 0.000385159 0.0513837
406 0.0267246 0.0319176 0.0221687 0.0179933 0.0252166 0.0710025 -0.00611562 -0.000737651 0.0507387
407 0.0255324 0.0307644 0.0210377 0.0172302 0.0240585 0.0686656 -0.00552984 -0.00188838 0.050209
408 0.0243572 0.0296025 0.0198953 0.01649 0.0229279 0.0662727 -0.00485096 -0.00299111 0.0494323
409 0.0232201 0.0284519 0.0188252 0.0157505 0.0217962 0.0639207 -0.00425508 -0.00400816 0.0489602
410 0.0221243 0.0273269 0.0177658 0.0150407 0.0206846 0.0616871 -0.00353279 -0.00503216 0.0483171
411 0.0210658 0.0261788 0.0167548 0.0143323 0.0196246 0.0593474 -0.00269035 -0.00589399 0.0476363
412 0.0200231 0.0250626 0.0157723 0.0136187 0.0185914 0.0571339 -0.00197696 -0.00682628 0.0470759
413 0.0189975 0.0239467 0.0148274 0.0129363 0.0175748 0.0549204 -0.00113475 -0.00776839 0.0465051
414 0.0180226 0.0228723 0.0139244 0.0122869 0.0165822 0.0527737 -0.000317805 -0.00860667 0.0460675
415 0.0170619 0.0217919 0.0130369 0.0116122 0.0156555 0.0506506 0.000438324 -0.00943314 0.0455299
416 0.0161269 0.0207215 0.012187 0.0109955 0.0146985 0.048496 0.00122937 -0.0101927 0.0450333
417 0.0152355 0.0196914 0.0113754 0.0103673 0.0138283 0.0464531 0.00221129 -0.011038 0.0447111
418 0.0143519 0.0186402 0.0105806 0.00976533 0.0129492 0.0444451 0.00294566 -0.0117841 0.044309
419 0.0134788 0.0176281 0.00981667 0.00916163 0.0121145 0.0424349 0.00374821 -0.0125637 0.043933
420 0.0126557 0.0166334 0.00907766 0.00857516 0.0113199 0.0405318 0.00451287 -0.0132735 0.0436205
421 0.0118092 0.0156541 0.008362 0.00802061 0.0105246 0.0385683 0.00529201 -0.014077 0.0433353
422 0.011023 0.0146639 0.00770909 0.00744567 0.00977641 0.0367245 0.00632311 -0.0147817 0.0428548
423 0.010236 0.0137191 0.00703135 0.00691094 0.00901241 0.0348527 0.00697586 -0.0155087 0.0426836
424 0.00947972 0.0127808 0.00638857 0.00639461 0.00828897 0.0330099 0.00778056 -0.0161439 0.0424243
425 0.00872597 0.011862 0.00575532 0.00585179 0.00762043 0.0312175 0.00854616 -0.0168622 0.0422905
426 0.00802029 0.0109337 0.00515737 0.00537519 0.00695083 0.0293412 0.0093026 -0.0173796 0.0421447
427 0.00731851 0.0100584 0.00457113 0.00487745 0.00628759 0.0276162 0.0101116 -0.0180997 0.0420881
428 0.00661233 0.00918872 0.0040113 0.00440412 0.00566562 0.0259208 0.0109477 -0.0186878 0.0417825
429 0.00594185 0.00831575 0.0034615 0.00394054 0.00505377 0.0242371 0.0117428 -0.0193434 0.0417126
430 0.00528872 0.00745514 0.00292983 0.0034775 0.00446908 0.0225545 0.0124377 -0.019901 0.0416531
431 0.00463579 0.00663444 0.00241308 0.00303976 0.00389492 0.0209239 0.0132152 -0.0205207 0.0415485
432 0.00402839 0.00580544 0.0019152 0.00261086 0.00335663 0.0193136 0.0139224 -0.0210394 0.0415444
433 0.00343055 0.00502137 0.00144869 0.00218385 0.00284854 0.0177157 0.0146569 -0.0215712 0.0415906
434 0.002831 0.0042327 0.000996712 0.00178011 0.00234519 0.0160916 0.0154088 -0.0221247 0.0415827
435 0.00227593 0.0034712 0.000569188 0.00138638 0.00182477 0.0146067 0.0161738 -0.0227248 0.0416946
436 0.00169935 0.00269072 0.000122201 0.00100981 0.00134567 0.0129865 0.0168638 -0.0231472 0.0416681
437 0.00115297 0.00193614 -0.000315092 0.000614633 0.000872093 0.0114786 0.0175974 -0.0236378 0.0416336
438 0.000624467 0.00116901 -0.000708286 0.000201637 0.000413864 0.0100113 0.0183696 -0.024143 0.0416565
439 0.000116803 0.000472044 -0.00109198 -0.000162845 -5.03394e-05 0.00851379 0.0191174 -0.0246108 0.0417378
440 -0.000413906 -0.000224058 -0.00147685 -0.000493772 -0.000471249 0.00705776 0.0197192 -0.0250389 0.0416947
441 -0.00090318 -0.000920241 -0.00185915 -0.000846165 -0.00088388 0.00554636 0.0204504 -0.0254135 0.041793
442 -0.00141221 -0.00161262 -0.00223681 -0.00120872 -0.0012705 0.00415086 0.0210877 -0.0258655 0.0417117
443 -0.00190899 -0.00227945 -0.00262372 -0.00154049 -0.00166774 0.00277503 0.0216357 -0.0263269 0.041785
444 -0.00238391 -0.00296827 -0.00295128 -0.0018611 -0.00205968 0.00133904 0.022354 -0.0266486 0.0417208
445 -0.0028515 -0.00360194 -0.00331994 -0.00222012 -0.00242051 -2.76889e-07 0.0230343 -0.0270993 0.0417458
446 -0.003305 -0.00423644 -0.00368137 -0.00250087 -0.00279299 -0.00136946 0.0235915 -0.0274153 0.04178
447 -0.00375735 -0.00488099 -0.00399075 -0.00282968 -0.00313725 -0.00267832 0.0241104 -0.027831 0.0418679
448 -0.00419092 -0.00548008 -0.00434383 -0.00312156 -0.00347606 -0.00407616 0.0247053 -0.0281538 0.042002
449 -0.00463113 -0.00610644 -0.00464847 -0.00342647 -0.00380716 -0.00528971 0.025275 -0.0285696 0.0418849
450 -0.00506542 -0.00670189 -0.00498347 -0.00374727 -0.00412527 -0.0066823 0.0258307 -0.0288221 0.0418917
451 -0.00547965 -0.00727557 -0.00529003 -0.00399126 -0.00444225 -0.0079262 0.0263929 -0.029119 0.0416811
452 -0.00588384 -0.00786351 -0.00557995 -0.00427709 -0.00471956 -0.00927977 0.0267941 -0.0293676 0.0418924
453 -0.00628301 -0.00841532 -0.00585487 -0.00456279 -0.00502337 -0.0104728 0.0272654 -0.0296448 0.0418566
454 -0.00669603 -0.00896165 -0.00615351 -0.00483116 -0.0053212 -0.0117393 0.0276145 -0.0299561 0.0419222
455 -0.00707559 -0.00950513 -0.0064108 -0.00508804 -0.00555661 -0.0129027 0.0280795 -0.0302251 0.0417377
456 -0.00744666 -0.0100495 -0.00667429 -0.00537135 -0.00582507 -0.0141299 0.0285281 -0.0304927 0.0417636
457 -0.00785717 -0.0105787 -0.00698275 -0.0056281 -0.0061068 -0.015422 0.0288332 -0.0307046 0.0417463
458 -0.00824027 -0.0110748 -0.00721728 -0.00588558 -0.00635739 -0.0164709 0.0290797 -0.0310086 0.0415502
459 -0.00859361 -0.0115906 -0.00746 -0.00611209 -0.00659785 -0.0177253 0.0295068 -0.0311388 0.0415546
460 -0.0089433 -0.0120783 -0.00771739 -0.00632909 -0.00683096 -0.0189022 0.029748 -0.0312548 0.0413764
461 -0.00931823 -0.0125613 -0.00795624 -0.00658631 -0.00706152 -0.0200212 0.0302058 -0.0314875 0.0411421
462 -0.00967829 -0.0130112 -0.00819593 -0.00678805 -0.00729765 -0.0211915 0.0304725 -0.0316156 0.0409859
463 -0.00999962 -0.0134948 -0.0084204 -0.00703722 -0.00751339 -0.0222399 0.0308818 -0.0318133 0.040757
464 -0.0103419 -0.0139348 -0.00863909 -0.00725857 -0.00773523 -0.0232923 0.0310886 -0.0319391 0.0404617
465 -0.010666 -0.0143757 -0.00888914 -0.00745306 -0.00795691 -0.0244013 0.0313411 -0.0320101 0.0402436
466 -0.010994 -0.0148252 -0.0091178 -0.00766658 -0.00817905 -0.0254464 0.0316475 -0.0321441 0.0399511
467 -0.0113225 -0.0152531 -0.00933672 -0.00790231 -0.00838578 -0.0263909 0.0319358 -0.0323183 0.0394941
468 -0.0116411 -0.0156578 -0.00957161 -0.00809744 -0.00860702 -0.0275505 0.0321467 -0.0322555 0.0392995
469 -0.0119406 -0.0160663 -0.0097722 -0.00828525 -0.0088233 -0.0285387 0.0324377 -0.0322839 0.0387517
470 -0.0122582 -0.0164623 -0.0100024 -0.00847616 -0.00901835 -0.0295494 0.0327124 -0.0323543 0.0382779
471 -0.0125375 -0.0168626 -0.0102317 -0.0086852 -0.00922418 -0.0305217 0.032888 -0.0323053 0.0379322
472 -0.0128413 -0.0172357 -0.0104611 -0.00887407 -0.00942461 -0.0315006 0.0331141 -0.0323628 0.0375978
473 -0.0131205 -0.0176329 -0.0106799 -0.00906257 -0.00962831 -0.032467 0.0333507 -0.0323129 0.037086
474 -0.0133963 -0.0179941 -0.0108869 -0.00922662 -0.00983421 -0.0335107 0.0335306 -0.0321785 0.0365707
475 -0.0136603 -0.0183634 -0.0110882 -0.00939105 -0.0100223 -0.034444 0.0336652 -0.0321161 0.0361517
476 -0.0139207 -0.0187061 -0.011301 -0.00956852 -0.0102072 -0.035311 0.0338022 -0.0321005 0.0357331
477 -0.0141576 -0.0190501 -0.0114869 -0.0097207 -0.0103977 -0.0362987 0.0340925 -0.0319034 0.0351787
478 -0.0144245 -0.0193798 -0.0116868 -0.00988963 -0.0105913 -0.0372218 0.0342111 -0.031843 0.0346667
479 -0.0146674 -0.0197078 -0.0118601 -0.0100707 -0.0107903 -0.0380952 0.0344891 -0.0317766 0.0340996
480 -0.0149084 -0.0200455 -0.0120369 -0.0102294 -0.0109893 -0.0390788 0.0346404 -0.0315404 0.0335985
481 -0.0151422 -0.0203353 -0.0122255 -0.0103708 -0.0111715 -0.0399499 0.0347294 -0.0313496 0.0330246
482 -0.0153719 -0.0206545 -0.0123652 -0.0105508 -0.0113543 -0.0407686 0.0348067 -0.0312257 0.0325829
483 -0.0155759 -0.0209409 -0.0125376 -0.0106896 -0.0115548 -0.0415995 0.0349367 -0.0310511 0.0320118
484 -0.0157862 -0.0212242 -0.0126956 -0.0108021 -0.011749 -0.042529 0.0350877 -0.0307731 0.0314457
485 -0.0159818 -0.021508 -0.012829 -0.0109815 -0.0119337 -0.0433444 0.0352675 -0.0304852 0.0307084
486 -0.0161959 -0.0217748 -0.0129641 -0.0111053 -0.0120877 -0.0442054 0.0353623 -0.0302251 0.0301304
487 -0.0164004 -0.0220449 -0.0131204 -0.01125 -0.0123166 -0.044995 0.0353235 -0.0299871 0.0295085
488 -0.0165862 -0.0223058 -0.0132642 -0.0113869 -0.012486 -0.045787 0.0354279 -0.0296703 0.0287099
489 -0.0167848 -0.022542 -0.0133954 -0.0115098 -0.0126587 -0.0465966 0.0354669 -0.0294003 0.028106
490 -0.0170164 -0.0227725 -0.0135189 -0.0116659 -0.0128408 -0.0474093 0.0353201 -0.0291142 0.0274287
491 -0.0171797 -0.0230049 -0.0136447 -0.0117861 -0.0130088 -0.0481543 0.0353136 -0.0287794 0.0267378
492 -0.0173659 -0.0232713 -0.0137737 -0.0119253 -0.0131915 -0.0489531 0.0352934 -0.0284294 0.0259756
493 -0.017567 -0.0234854 -0.0138947 -0.0120318 -0.0133525 -0.0496502 0.035202 -0.0280837 0.0250149
494 -0.0177653 -0.0236862 -0.01403 -0.0121454 -0.0135359 -0.0504032 0.0349901 -0.0277324 0.0243251
495 -0.0179265 -0.0239067 -0.0141477 -0.0122445 -0.0137116 -0.0512219 0.0349205 -0.0272618 0.0234757
496 -0.0181152 -0.0241215 -0.0142522 -0.0123628 -0.0138401 -0.0518901 0.0346338 -0.026882 0.0226862
497 -0.0183042 -0.0243135 -0.014349 -0.0124643 -0.0140125 -0.0526337 0.0344138 -0.0264957 0.0219159
498 -0.0184722 -0.0245258 -0.0144485 -0.0125852 -0.014183 -0.0532698 0.0342228 -0.0261778 0.0211178
499 -0.0186503 -0.0247166 -0.0145132 -0.0126815 -0.0143235 -0.054093 0.0339954 -0.0256991 0.020337
500 -0.0188177 -0.0248921 -0.0145992 -0.0127758 -0.0144707 -0.0547555 0.0337473 -0.0253186 0.0196113
501 -0.0189728 -0.0250593 -0.014667 -0.0128303 -0.0146101 -0.0554398 0.0335305 -0.0248729 0.0187285
502 -0.0191341 -0.0252595 -0.0147264 -0.0129381 -0.014757 -0.0561191 0.0333881 -0.0244241 0.0178887
503 -0.0193299 -0.0254284 -0.0147778 -0.0130294 -0.0149088 -0.0567863 0.0330443 -0.0240916 0.0171397
504 -0.0194904 -0.0255928 -0.0148017 -0.0131057 -0.0150268 -0.0574641 0.0327767 -0.0235898 0.0162085
505 -0.0196657 -0.0257479 -0.0148548 -0.0131969 -0.0151563 -0.0580895 0.03249 -0.0231776 0.0154168
506 -0.0198266 -0.0258968 -0.0148896 -0.0132274 -0.0152819 -0.0587674 0.0322685 -0.0226917 0.0145211
507 -0.0200231 -0.0260455 -0.014901 -0.0133089 -0.0154179 -0.059482 0.0319609 -0.0222223 0.01358
508 -0.0201959 -0.0261839 -0.0149178 -0.0133899 -0.0155255 -0.0599898 0.0316093 -0.0218213 0.0124726
509 -0.0203602 -0.0263415 -0.0149318 -0.0134469 -0.0156374 -0.0607208 0.0314391 -0.0213104 0.011673
510 -0.0205388 -0.026449 -0.0149228 -0.0135045 -0.01573 -0.0612394 0.0310423 -0.0209876 0.0107554
511 -0.0206947 -0.0266083 -0.0149461 -0.0135879 -0.0158309 -0.0617721 0.0306372 -0.0205312 0.00997394
512 -0.0208685 -0.0267339 -0.0149465 -0.0136283 -0.0159461 -0.0624163 0.0302664 -0.0199768 0.00895443
513 -0.0210121 -0.0268425 -0.0149308 -0.013672 -0.0160373 -0.0629413 0.0299775 -0.019571 0.00810624
514 -0.0211703 -0.0269634 -0.014935 -0.0137154 -0.0161178 -0.0634508 0.0295215 -0.019078 0.00715918
515 -0.0213168 -0.0270537 -0.0149031 -0.0137797 -0.0162089 -0.0639972 0.0292884 -0.0186468 0.00617472
516 -0.0214692 -0.0271698 -0.0148837 -0.0138202 -0.0162977 -0.0645171 0.0288949 -0.0182103 0.00526739
517 -0.0216181 -0.0273072 -0.0148704 -0.0138728 -0.0163875 -0.0649533 0.0283055 -0.0177009 0.00442138
518 -0.0217514 -0.0273806 -0.0148113 -0.0139018 -0.0164575 -0.0654671 0.0280791 -0.0171901 0.00344003
519 -0.0218724 -0.027441 -0.0147934 -0.0139559 -0.016541 -0.0659636 0.027693 -0.0166872 0.00256969
520 -0.0219954 -0.0275498 -0.0147446 -0.0140112 -0.0165687 -0.0663148 0.027332 -0.016268 0.00161558
521 -0.0221147 -0.0276377 -0.0147002 -0.0140439 -0.0166259 -0.0668294 0.0269527 -0.0156759 0.000594088
522 -0.0222301 -0.0277268 -0.0146437 -0.0140903 -0.0167053 -0.0672083 0.0265886 -0.0152429 -0.000365553
523 -0.0223089 -0.027804 -0.0145959 -0.0141127 -0.0167405 -0.0676366 0.0262437 -0.0146689 -0.00125723
524 -0.0223996 -0.0278696 -0.0145306 -0.0141922 -0.0167864 -0.0679474 0.0258816 -0.0142908 -0.00208881
525 -0.0225121 -0.0279162 -0.0144608 -0.0141906 -0.0168374 -0.0683624 0.0256658 -0.0137851 -0.0032657
526 -0.0225847 -0.0279771 -0.0143757 -0.0142051 -0.0168512 -0.0687795 0.025373 -0.0132298 -0.00410246
527 -0.022662 -0.0280281 -0.0143248 -0.0142667 -0.0168871 -0.0691078 0.0250037 -0.0127848 -0.00504129
528 -0.0227456 -0.0280681 -0.0142498 -0.0142878 -0.0169069 -0.0694026 0.0247115 -0.0122812 -0.00602866
529 -0.0228061 -0.0281015 -0.014162 -0.0142929 -0.0169174 -0.0696808 0.0243743 -0.0117817 -0.00713696
530 -0.0228664 -0.0281357 -0.0140957 -0.0142939 -0.0169483 -0.0700121 0.0240565 -0.0112347 -0.00801303
531 -0.0229158 -0.0281671 -0.0139786 -0.014354 -0.0169266 -0.0702501 0.023778 -0.0107344 -0.00902717
532 -0.0229892 -0.0281873 -0.0138995 -0.0143756 -0.0169443 -0.0704565 0.0235602 -0.0103638 -0.0100229
533 -0.0230493 -0.0282046 -0.0138238 -0.0143732 -0.0169311 -0.0706981 0.0231248 -0.00979848 -0.0110687
534 -0.0231037 -0.028204 -0.0137352 -0.0144174 -0.0169461 -0.070872 0.022729 -0.00938951 -0.0119376
535 -0.0231643 -0.0282122 -0.0136546 -0.0144184 -0.0169416 -0.0710366 0.0224859 -0.0089138 -0.0131509
536 -0.0232334 -0.0281912 -0.013565 -0.014411 -0.0169502 -0.0712725 0.0220651 -0.00844569 -0.0141402
537 -0.0232761 -0.0282211 -0.013492 -0.0144394 -0.0169296 -0.0714086 0.0216076 -0.00793433 -0.0151696
538 -0.0233531 -0.0282 -0.0134345 -0.014438 -0.0168789 -0.0715873 0.0211457 -0.00740176 -0.0162444
539 -0.0234051 -0.0281729 -0.0133577 -0.0144495 -0.0168624 -0.0717015 0.02062 -0.00701765 -0.0172202
540 -0.0234759 -0.0281552 -0.0132592 -0.0144609 -0.0168502 -0.0717886 0.0201964 -0.00656639 -0.0183897
541 -0.0235532 -0.0281177 -0.0132037 -0.0144609 -0.0168135 -0.0718832 0.0195122 -0.0061148 -0.0193615
542 -0.0236137 -0.0280842 -0.0131356 -0.0144206 -0.0167844 -0.0720263 0.0190576 -0.00561983 -0.0204951
543 -0.0236681 -0.0280346 -0.0130714 -0.0144245 -0.0167521 -0.072062 0.0184853 -0.00519359 -0.0215809
544 -0.0237265 -0.0280152 -0.0129761 -0.0144487 -0.0167161 -0.0721609 0.0179427 -0.00473602 -0.022613
545 -0.0237855 -0.0279814 -0.0129046 -0.0144439 -0.0166948 -0.0722049 0.0173738 -0.00430045 -0.0237861
546 -0.0238602 -0.027926 -0.0128458 -0.0144335 -0.0166481 -0.0722955 0.0167273 -0.00383514 -0.0247175
547 -0.0239294 -0.027863 -0.0127675 -0.0144114 -0.0166195 -0.0723156 0.0161976 -0.00339109 -0.0259399
548 -0.023997 -0.0278235 -0.0127147 -0.014427 -0.0165902 -0.0723412 0.0154927 -0.00297627 -0.0270351
549 -0.0240563 -0.0277388 -0.0126177 -0.0143734 -0.0165048 -0.0724087 0.0147905 -0.00251058 -0.0281564
550 -0.0241279 -0.0276603 -0.0125657 -0.0143571 -0.016499 -0.0723874 0.0139868 -0.00202419 -0.0291814
551 -0.0241887 -0.0276007 -0.0124748 -0.014346 -0.0164464 -0.072497 0.0133245 -0.00155797 -0.0302348
552 -0.024228 -0.0275299 -0.0124135 -0.0143298 -0.0164079 -0.0724302 0.0125802 -0.001094 -0.0312995
553 -0.0243094 -0.0274778 -0.0123491 -0.0143631 -0.0163655 -0.0723712 0.0119034 -0.000714609 -0.0324026
554 -0.0243873 -0.0274034 -0.0122428 -0.0143529 -0.0162972 -0.0724505 0.0110777 -0.000286186 -0.0332855
555 -0.0244095 -0.0272944 -0.0121885 -0.0142887 -0.0162618 -0.0723912 0.0102824 0.000308293 -0.034307
556 -0.0244847 -0.0272139 -0.0121056 -0.0142462 -0.0162281 -0.0724708 0.00938064 0.000755824 -0.0351547
557 -0.0245062 -0.0271733 -0.0119916 -0.0142389 -0.0162064 -0.0724906 0.00874328 0.00128449 -0.0362277
558 -0.0245646 -0.0270719 -0.0119334 -0.014235 -0.0161456 -0.0724699 0.00778943 0.00173175 -0.0370338
559 -0.0245979 -0.0269715 -0.0118577 -0.0142097 -0.0160771 -0.0724383 0.00695023 0.00226076 -0.0379461
560 -0.0246374 -0.0268853 -0.011753 -0.0141764 -0.0160404 -0.0723662 0.00601772 0.00273009 -0.0388485
561 -0.0246732 -0.0267976 -0.0117157 -0.014127 -0.0160114 -0.0724539 0.00510811 0.00330491 -0.0396325
562 -0.024699 -0.0267165 -0.0116396 -0.0141354 -0.015972 -0.0723649 0.00421235 0.00378904 -0.0404352
563 -0.0247208 -0.026595 -0.011595 -0.0140588 -0.0159541 -0.0723627 0.00312268 0.00441821 -0.0413629
564 -0.0247663 -0.026512 -0.0115249 -0.0140689 -0.0158855 -0.0722625 0.00221726 0.00481967 -0.0419992
565 -0.0247573 -0.0264035 -0.0114491 -0.0140295 -0.0158669 -0.0722462 0.00140361 0.00545597 -0.0429056
566 -0.0247796 -0.0262856 -0.0114044 -0.0139821 -0.0158147 -0.0721595 0.000320771 0.0060259 -0.0436478
567 -0.0247681 -0.0262063 -0.0113266 -0.0139745 -0.0157595 -0.072117 -0.000495097 0.00660301 -0.0445118
568 -0.0247663 -0.0261102 -0.0112835 -0.0139547 -0.0157238 -0.071988 -0.00156619 0.00710759 -0.0450247
569 -0.0247512 -0.0259913 -0.0112461 -0.0139148 -0.0157185 -0.0718892 -0.00235141 0.0077001 -0.0460789
570 -0.024694 -0.0258729 -0.0111758 -0.0138689 -0.0156698 -0.0717725 -0.00323601 0.00828808 -0.0467121
571 -0.0246808 -0.0257936 -0.011128 -0.0138928 -0.0156373 -0.071605 -0.00402596 0.0087912 -0.0474505
572 -0.0246225 -0.0256696 -0.0110721 -0.013836 -0.0155837 -0.0714547 -0.00483463 0.00940483 -0.0482072
573 -0.0245797 -0.0255687 -0.0109949 -0.0138072 -0.0155474 -0.0712885 -0.00562733 0.0100145 -0.0488234
574 -0.0244947 -0.0254611 -0.010963 -0.0137795 -0.015512 -0.0710679 -0.00639719 0.0106247 -0.0496903
575 -0.0244189 -0.0253691 -0.0109057 -0.0137392 -0.0154604 -0.0708927 -0.00714742 0.011242 -0.0503905
576 -0.0243349 -0.0252518 -0.0108695 -0.0137282 -0.0154332 -0.0706265 -0.00807905 0.0118514 -0.0509359
577 -0.0242562 -0.0251654 -0.0108243 -0.0136827 -0.0153773 -0.0703615 -0.00899809 0.0124435 -0.0515667
578 -0.0241533 -0.0250366 -0.0108043 -0.0136324 -0.0153704 -0.0701535 -0.00957165 0.0130662 -0.0523086
579 -0.0240467 -0.0249516 -0.0107418 -0.0135795 -0.0153264 -0.0698638 -0.0105026 0.013754 -0.0530603
580 -0.0239334 -0.0248463 -0.0106734 -0.0135346 -0.0152863 -0.0695516 -0.0111667 0.0143669 -0.0538783
581 -0.0238119 -0.0247279 -0.0106704 -0.0135055 -0.0152519 -0.0692004 -0.0120827 0.015012 -0.0543965
582 -0.0236674 -0.0245981 -0.0105932 -0.0134056 -0.0152017 -0.0688641 -0.012656 0.0156355 -0.0551133
583 -0.0235245 -0.0244617 -0.0105756 -0.0133872 -0.0151516 -0.0684594 -0.0135249 0.0162984 -0.055703
584 -0.0233823 -0.0243738 -0.010529 -0.0133341 -0.0151143 -0.0679674 -0.014109 0.0168366 -0.0565916
585 -0.0232376 -0.0242519 -0.010479 -0.0132923 -0.0150954 -0.0675731 -0.0147358 0.0174377 -0.0573194
586 -0.0230721 -0.0241251 -0.0104515 -0.0132286 -0.0150483 -0.0671353 -0.0154934 0.0180869 -0.0579033
587 -0.0229246 -0.0239815 -0.01042 -0.0131834 -0.0150012 -0.0666311 -0.0162194 0.0186439 -0.0585571
588 -0.0227528 -0.0238482 -0.0103948 -0.0130887 -0.0149574 -0.0662267 -0.0169139 0.0192522 -0.0591127
589 -0.0225735 -0.0237225 -0.0103287 -0.0130543 -0.0149056 -0.065735 -0.0175255 0.0198579 -0.0597666
590 -0.0223807 -0.0235685 -0.0103093 -0.0129703 -0.0148518 -0.0652211 -0.0183133 0.0204648 -0.0602545
591 -0.0221929 -0.0234322 -0.0102466 -0.0129056 -0.0148143 -0.0645689 -0.0189134 0.0209845 -0.0608714
592 -0.0219995 -0.0232882 -0.0102233 -0.0128615 -0.0147756 -0.0640785 -0.0195243 0.0216182 -0.0615193
593 -0.0217774 -0.0231243 -0.0101804 -0.0127522 -0.0147339 -0.0635607 -0.0201478 0.0222369 -0.0620347
594 -0.0215777 -0.0229645 -0.0101398 -0.0126971 -0.0146713 -0.0629154 -0.0207685 0.0226937 -0.0623506
595 -0.0213818 -0.0227982 -0.0100703 -0.012615 -0.0145831 -0.0623536 -0.0213806 0.0232437 -0.0630123
596 -0.0211541 -0.0226363 -0.0100324 -0.0125269 -0.0145439 -0.0617204 -0.0217122 0.0237981 -0.0636125
597 -0.0209527 -0.0224672 -0.00996937 -0.0124793 -0.0144648 -0.0610559 -0.0224252 0.0242672 -0.0641781
598 -0.0207325 -0.0222873 -0.00991829 -0.012395 -0.0143993 -0.0603447 -0.0229587 0.0247851 -0.0646824
599 -0.0205238 -0.0220713 -0.00983722 -0.0123157 -0.0143277 -0.0596962 -0.0234715 0.0252571 -0.0652657
600 -0.0202933 -0.0218975 -0.00979172 -0.012194 -0.0142376 -0.059105 -0.0241429 0.0258062 -0.0654706
601 -0.0200842 -0.0217163 -0.00971831 -0.0121527 -0.0141443 -0.05836 -0.0246454 0.026251 -0.0661471
602 -0.0198579 -0.0214755 -0.00964398 -0.0120392 -0.0140422 -0.0576542 -0.0250931 0.0267741 -0.0667465
603 -0.0196294 -0.0213131 -0.00959535 -0.0119589 -0.0139539 -0.0569128 -0.0255214 0.0273186 -0.0674049
604 -0.019414 -0.0210828 -0.00955519 -0.011891 -0.0138433 -0.056278 -0.0260914 0.0278318 -0.0678203
605 -0.0191575 -0.0208573 -0.00949445 -0.0117997 -0.0137351 -0.0554177 -0.0266014 0.0282547 -0.0682715
606 -0.0189292 -0.020607 -0.00942574 -0.0116437 -0.013585 -0.0547548 -0.027109 0.0287978 -0.0689797
607 -0.0186758 -0.0204299 -0.00936762 -0.0115952 -0.0134515 -0.0540029 -0.0277613 0.0293099 -0.0693266
608 -0.0184517 -0.0201851 -0.00932595 -0.0114555 -0.0133299 -0.0531487 -0.0282828 0.0298053 -0.0700899
609 -0.01819 -0.0199535 -0.00925347 -0.011368 -0.0131887 -0.0522669 -0.0288807 0.0302204 -0.0705484
610 -0.0179576 -0.0197234 -0.00918337 -0.0112447 -0.0130256 -0.0514544 -0.0294799 0.0307767 -0.0712466
611 -0.0176982 -0.0194561 -0.00913592 -0.0111627 -0.0128646 -0.0506337 -0.030141 0.0312353 -0.0716749
612 -0.0174191 -0.0192115 -0.00907922 -0.011058 -0.0127132 -0.0497075 -0.0306716 0.0317906 -0.072364
613 -0.0171733 -0.0189419 -0.00898171 -0.0109106 -0.012538 -0.048944 -0.0312166 0.0322938 -0.072982
614 -0.0168971 -0.0187315 -0.00892575 -0.0107838 -0.0123633 -0.0480292 -0.0319247 0.0328647 -0.0736021
615 -0.0166262 -0.0184545 -0.00887088 -0.0106865 -0.0122057 -0.0470908 -0.0326432 0.0333295 -0.074232
616 -0.0163607 -0.0182067 -0.00876942 -0.0105608 -0.0120177 -0.0461853 -0.0333534 0.0338574 -0.0749146
617 -0.0160613 -0.0179291 -0.00871863 -0.0104545 -0.0117894 -0.0453209 -0.034083 0.0344748 -0.0754472
618 -0.0157746 -0.0176428 -0.00863387 -0.0103155 -0.0116228 -0.0443775 -0.0347506 0.0350461 -0.0761756
619 -0.0154867 -0.0173532 -0.00855154 -0.0101749 -0.0114521 -0.043399 -0.0353242 0.0355787 -0.0770439
620 -0.0151851 -0.017065 -0.00845106 -0.0100469 -0.0112382 -0.0424089 -0.0361371 0.036202 -0.0777482
621 -0.0148949 -0.0167752 -0.00835654 -0.00992609 -0.0110631 -0.0412853 -0.0368413 0.0366541 -0.0786281
622 -0.0146016 -0.016451 -0.00831659 -0.00979426 -0.010858 -0.0403111 -0.0375675 0.0372662 -0.079408
623 -0.0143245 -0.0161367 -0.00819148 -0.00965091 -0.0106321 -0.0392656 -0.0384259 0.0377884 -0.0802817
624 -0.0140181 -0.0158246 -0.00812383 -0.00954181 -0.010448 -0.0381288 -0.0391565 0.0383041 -0.0812041
625 -0.0137367 -0.0154973 -0.00801244 -0.00937356 -0.0102686 -0.037057 -0.0399945 0.0389609 -0.082266
626 -0.0134294 -0.01518 -0.0079053 -0.00920102 -0.0100829 -0.0359364 -0.0408773 0.0395251 -0.08322
627 -0.0131361 -0.0147968 -0.00782318 -0.00906897 -0.00988289 -0.0347621 -0.0416201 0.0400458 -0.0844028
628 -0.0128072 -0.0144517 -0.00769313 -0.00888447 -0.00968015 -0.033629 -0.0423783 0.0407234 -0.0855211
629 -0.012468 -0.0141002 -0.00759298 -0.00874455 -0.00947742 -0.0324248 -0.0432967 0.0413129 -0.0864081
630 -0.0121591 -0.0137115 -0.00744868 -0.00856142 -0.00927269 -0.0312736 -0.0441798 0.0419073 -0.0874605
631 -0.0118281 -0.0133227 -0.00734441 -0.00843952 -0.00907116 -0.0298791 -0.0449779 0.0424581 -0.0886928
632 -0.0115008 -0.0129107 -0.00724976 -0.00823847 -0.00886318 -0.0286551 -0.0459066 0.0430527 -0.0897883
633 -0.0111696 -0.0125343 -0.00712419 -0.00805531 -0.00863625 -0.0273124 -0.0468051 0.0436708 -0.0910947
634 -0.0107901 -0.0121155 -0.00696365 -0.00783024 -0.00843797 -0.0260377 -0.0474409 0.0443118 -0.0924546
635 -0.0104357 -0.0117225 -0.00683573 -0.00768385 -0.00819723 -0.0246896 -0.0483378 0.044939 -0.0936728
636 -0.0100872 -0.0112543 -0.00670469 -0.00743414 -0.00801298 -0.0232535 -0.0491681 0.0454139 -0.0949396
637 -0.00972698 -0.0108195 -0.00654532 -0.00724519 -0.00775905 -0.0218297 -0.0501683 0.045949 -0.096124
638 -0.00936718 -0.0103577 -0.00639418 -0.00703057 -0.00754417 -0.0204279 -0.0510625 0.0465789 -0.0974812
639 -0.00896461 -0.00989384 -0.00626296 -0.00674722 -0.00730671 -0.0189526 -0.0520848 0.0472081 -0.0986986
640 -0.00860699 -0.00945654 -0.00608758 -0.00654579 -0.00705506 -0.0174267 -0.0529039 0.0477104 -0.100142
641 -0.0082049 -0.00898032 -0.00594846 -0.00627646 -0.00679727 -0.0159071 -0.0538517 0.0483243 -0.101348
642 -0.00785854 -0.00847919 -0.00576197 -0.00607768 -0.00656949 -0.014321 -0.0548852 0.0487298 -0.102603
643 -0.007395 -0.00798728 -0.00560032 -0.00577751 -0.00628729 -0.0126816 -0.0557812 0.0492906 -0.103633
644 -0.00698859 -0.00749821 -0.00539312 -0.00549258 -0.00601142 -0.0111068 -0.0566811 0.0498519 -0.105043
645 -0.00656904 -0.00697169 -0.00524253 -0.00522883 -0.00574759 -0.00934033 -0.0576906 0.0503403 -0.106406
646 -0.00610139 -0.00645892 -0.00510411 -0.00496485 -0.0054884 -0.00764881 -0.0587448 0.050844 -0.107424
647 -0.0056747 -0.00589681 -0.00485833 -0.00466877 -0.00516459 -0.00593734 -0.059524 0.0513038 -0.108664
648 -0.00516153 -0.00536184 -0.00466731 -0.00435127 -0.00487255 -0.00406704 -0.0607742 0.0518302 -0.109671
649 -0.00467788 -0.00481973 -0.00444648 -0.00406623 -0.00455721 -0.00222655 -0.0615962 0.0522411 -0.110741
650 -0.00418203 -0.00426089 -0.00426767 -0.00374224 -0.00425479 -0.000265447 -0.0626407 0.0526712 -0.111929
651 -0.00368024 -0.00367583 -0.0040347 -0.00340707 -0.00394153 0.00158392 -0.0635479 0.0532032 -0.112825
652 -0.00311514 -0.00308573 -0.00380665 -0.00309055 -0.00359663 0.00362141 -0.064392 0.0537034 -0.11403
653 -0.00260987 -0.00250194 -0.00359208 -0.00278323 -0.00326008 0.00559665 -0.0653869 0.0540547 -0.115041
654 -0.00205508 -0.001877 -0.00335105 -0.00237089 -0.00292686 0.00766842 -0.0663758 0.0546273 -0.116226
655 -0.00149297 -0.00127214 -0.00311037 -0.00203938 -0.0025485 0.0098824 -0.0675765 0.0550174 -0.117128
656 -0.000919627 -0.000643839 -0.00285447 -0.0017044 -0.00221285 0.0121838 -0.0686247 0.0553536 -0.118186
657 -0.000306258 2.91091e-05 -0.00258661 -0.00124614 -0.00183922 0.0141326 -0.0695596 0.055992 -0.118959
658 0.000285598 0.000680495 -0.0023044 -0.000855359 -0.00147877 0.0163581 -0.0705577 0.0565004 -0.120071
659 0.000922756 0.00134965 -0.00204383 -0.00050602 -0.00109034 0.0187562 -0.0718209 0.0568983 -0.120866
660 0.00152532 0.00205159 -0.0017515 -0.000102323 -0.000727896 0.0211744 -0.0730351 0.0573071 -0.12192
661 0.00219606 0.00277435 -0.00145738 0.000366861 -0.000293368 0.0235081 -0.0740951 0.0578617 -0.122889
662 0.00285556 0.00346874 -0.00116681 0.000741822 0.000115067 0.0260353 -0.0753825 0.0583102 -0.123762
663 0.00354045 0.00423385 -0.000859357 0.00119444 0.000514883 0.0285667 -0.0763944 0.058812 -0.124761
664 0.00420627 0.00501468 -0.00055412 0.00167029 0.000900181 0.0310576 -0.0779931 0.0592998 -0.125379
665 0.00490097 0.00576417 -0.000225512 0.00208986 0.00134099 0.0336186 -0.079141 0.0597707 -0.126273
666 0.00562375 0.00653976 0.000128895 0.00252828 0.00174496 0.0363655 -0.0803411 0.0602693 -0.1273
667 0.0063521 0.00732902 0.000459705 0.00297538 0.00216303 0.0390873 -0.0817198 0.0607637 -0.128079
668 0.00706585 0.00818388 0.000765114 0.00349199 0.00259802 0.0419499 -0.0832068 0.0611932 -0.128869
669 0.00780764 0.00902521 0.00117797 0.00397155 0.00308724 0.0447173 -0.084673 0.0617212 -0.129661
670 0.00856927 0.00987981 0.001524 0.00448696 0.00352465 0.047449 -0.0860947 0.0623409 -0.130501
671 0.0093352 0.010725 0.0019061 0.00495054 0.0039771 0.0505352 -0.0877776 0.0627963 -0.131242
672 0.0101128 0.0116506 0.00222853 0.00548065 0.00444664 0.0533538 -0.0894497 0.0634525 -0.131962
673 0.0108733 0.01261 0.00261995 0.00602802 0.00488506 0.0563546 -0.0911305 0.064036 -0.132863
674 0.0116974 0.0135456 0.00304737 0.0065463 0.00541274 0.0593954 -0.0926808 0.0646142 -0.133551
675 0.0124829 0.0145 0.00344902 0.00706345 0.00591586 0.0624489 -0.0945056 0.065278 -0.134446
676 0.0133208 0.0154713 0.00389465 0.00761606 0.00640126 0.0656616 -0.0963507 0.0658458 -0.135123
677 0.0141615 0.0164829 0.00430342 0.00818112 0.00689176 0.068856 -0.0980171 0.0664577 -0.136075
678 0.0150553 0.0175135 0.00481052 0.00877316 0.00742538 0.0719769 -0.0996855 0.067286 -0.136766
679 0.0159323 0.018559 0.00525695 0.00927115 0.00791119 0.0754074 -0.101711 0.0678197 -0.137329
680 0.0168537 0.0196333 0.00575949 0.00991593 0.00841653 0.0785862 -0.103266 0.0686812 -0.138301
681 0.0177872 0.0207806 0.00629929 0.0105251 0.00899307 0.0819821 -0.105096 0.0693298 -0.138927
682 0.0187141 0.0218696 0.00678597 0.0111477 0.00947132 0.0853195 -0.106992 0.0701078 -0.139574
683 0.0196924 0.023045 0.00733837 0.0117892 0.0100627 0.0887631 -0.10858 0.0708877 -0.140324
684 0.020625 0.0241879 0.00789545 0.0123443 0.0106151 0.0923163 -0.110573 0.0716068 -0.141272
685 0.0216065 0.0253634 0.00842614 0.0129909 0.0111625 0.0959722 -0.112671 0.0723694 -0.141984
686 0.02262 0.0266028 0.00900593 0.0136231 0.0117092 0.0995518 -0.114692 0.0731996 -0.142599
687 0.0235752 0.0278767 0.00957479 0.0143 0.0123052 0.10315 -0.116733 0.0738898 -0.143431
688 0.0246113 0.0291545 0.0101691 0.0149759 0.0128299 0.10691 -0.118968 0.0746843 -0.144204
689 0.0256478 0.030417 0.0107958 0.0156212 0.0134443 0.110772 -0.121077 0.0754914 -0.145173
690 0.0267187 0.0317791 0.0114182 0.0163272 0.0140196 0.114674 -0.123223 0.0762669 -0.145762
691 0.027754 0.0331353 0.0120752 0.0170885 0.0146525 0.118494 -0.125564 0.077035 -0.146463
692 0.0288571 0.0345147 0.0126949 0.0177722 0.015232 0.12263 -0.127947 0.077821 -0.147332
693 0.0299673 0.0359204 0.0133481 0.0184878 0.0158483 0.126668 -0.130272 0.0787075 -0.148124
694 0.0310819 0.0373647 0.0140596 0.0192237 0.0164667 0.130868 -0.13286 0.0794591 -0.148665
695 0.0322157 0.0388379 0.0147302 0.0199892 0.0171692 0.13504 -0.135285 0.0803196 -0.149437
696 0.0333715 0.0403602 0.0154078 0.0208012 0.0177345 0.139321 -0.137894 0.0812792 -0.15034
697 0.0345574 0.0418918 0.0161325 0.0216069 0.0183796 0.143599 -0.140491 0.0822556 -0.151052
698 0.0357908 0.0434403 0.01686 0.0224128 0.0191142 0.148028 -0.143064 0.0832151 -0.151766
699 0.0369957 0.0450523 0.0175735 0.0231781 0.01979 0.152509 -0.145943 0.0840374 -0.152304
700 0.0383309 0.0467072 0.0183516 0.0240699 0.0205279 0.157115 -0.148679 0.0851129 -0.152808
701 0.0396115 0.0483164 0.0191148 0.0248727 0.0212333 0.161768 -0.151511 0.0859708 -0.153306
702 0.0409591 0.0500248 0.0199046 0.0257387 0.0219562 0.166475 -0.154099 0.0870503 -0.154019
703 0.042322 0.0517693 0.020662 0.0266199 0.0226928 0.171237 -0.157063 0.088157 -0.154367
704 0.0436939 0.0534954 0.0214873 0.0275227 0.0234941 0.176064 -0.159792 0.0891481 -0.154933
705 0.0451249 0.0552995 0.0222807 0.0284243 0.0242804 0.181049 -0.162572 0.090109 -0.155356
706 0.0466053 0.0571333 0.0231449 0.0293432 0.0251219 0.18619 -0.165232 0.0911676 -0.15589
707 0.048059 0.058991 0.0239784 0.0302703 0.0259411 0.191423 -0.168241 0.0921423 -0.156324
708 0.0495713 0.0608269 0.0248849 0.0311969 0.0267769 0.196508 -0.170815 0.0931325 -0.156593
709 0.0511121 0.0627927 0.0257835 0.0321935 0.0276323 0.201928 -0.17381 0.0941371 -0.157009
710 0.0526762 0.0647394 0.0266514 0.0331458 0.0284793 0.207284 -0.17682 0.0952469 -0.157093
711 0.0542454 0.0667552 0.0275531 0.0341787 0.0294234 0.212881 -0.180046 0.0961648 -0.157212
712 0.0558371 0.0688096 0.0284783 0.0351876 0.030331 0.218383 -0.183286 0.0972642 -0.157223
713 0.0574801 0.070864 0.0294048 0.0361766 0.0313299 0.224138 -0.186577 0.0982912 -0.157479
714 0.0591634 0.0729481 0.0303776 0.0372812 0.0323631 0.229834 -0.189856 0.0993898 -0.157233
715 0.0609033 0.0751046 0.0313443 0.0383475 0.0333395 0.235688 -0.19303 0.100495 -0.157286
716 0.06262 0.0773017 0.0323466 0.0394228 0.0344463 0.241661 -0.196415 0.101407 -0.156914
717 0.0644239 0.079524 0.0332841 0.0405762 0.0355045 0.247575 -0.199841 0.102539 -0.156395
718 0.0662295 0.081758 0.0343187 0.0417014 0.0366598 0.253454 -0.203449 0.103741 -0.15572
719 0.0680958 0.0841285 0.0354156 0.0429035 0.0378399 0.25964 -0.206493 0.104825 -0.155431
720 0.0700105 0.0864932 0.036466 0.0441008 0.0389978 0.265803 -0.210101 0.105913 -0.154575
721 0.071938 0.0888309 0.0375431 0.0452983 0.0402389 0.272077 -0.213709 0.107005 -0.153672
722 0.0738915 0.0913065 0.0385945 0.0465086 0.0415376 0.278316 -0.217395 0.10819 -0.152564
723 0.0759538 0.0937636 0.0396938 0.0478053 0.042892 0.284656 -0.22103 0.109399 -0.151101
724 0.0780233 0.0963392 0.0408307 0.0491302 0.0442219 0.291067 -0.224663 0.110608 -0.149753
725 0.0801751 0.0989019 0.0420066 0.050449 0.0456854 0.297574 -0.228183 0.111783 -0.148297
726 0.082344 0.101546 0.043158 0.0518238 0.0471799 0.304092 -0.231929 0.113055 -0.146411
727 0.0845791 0.104189 0.0443504 0.0531099 0.0486181 0.310898 -0.235962 0.114082 -0.144249
728 0.0869338 0.106943 0.0456475 0.0546532 0.0502554 0.317391 -0.239616 0.115619 -0.141877
729 0.089226 0.10977 0.0470168 0.0561125 0.0519173 0.324333 -0.24354 0.116698 -0.139699
730 0.0916406 0.112593 0.0483445 0.057574 0.0535688 0.331147 -0.247122 0.117992 -0.137294
731 0.0940208 0.115526 0.0496886 0.0590885 0.0553249 0.338026 -0.251226 0.119141 -0.13409
732 0.096567 0.118505 0.0511203 0.0605987 0.0571191 0.345131 -0.254562 0.120364 -0.131527
733 0.0991086 0.121509 0.0526353 0.0622153 0.0589574 0.352131 -0.258458 0.121684 -0.128413
734 0.10176 0.124567 0.0541402 0.0638045 0.0608559 0.359299 -0.262232 0.122907 -0.124676
735 0.104422 0.127717 0.05576 0.0654325 0.0628158 0.366674 -0.266033 0.124159 -0.121629
736 0.107102 0.130934 0.0573591 0.0671159 0.0648964 0.374072 -0.269883 0.12538 -0.118043
737 0.109945 0.134199 0.0591362 0.0688369 0.0668832 0.381479 -0.273286 0.126622 -0.114393
738 0.112813 0.137506 0.0609336 0.0705423 0.0689933 0.388968 -0.276623 0.127825 -0.110409
739 0.115694 0.140819 0.0627349 0.0723082 0.0712835 0.396613 -0.280374 0.129085 -0.106189
740 0.118681 0.144385 0.0646961 0.074193 0.0735383 0.404237 -0.284053 0.130343 -0.10177
741 0.121725 0.147868 0.0666839 0.0760168 0.0758771 0.412037 -0.287777 0.131605 -0.0972379
742 0.124783 0.151452 0.068763 0.0778803 0.0783086 0.419971 -0.291273 0.132804 -0.0927806
743 0.127997 0.155113 0.0709046 0.0798171 0.080777 0.427972 -0.295005 0.133984 -0.0874624
744 0.131288 0.158892 0.0732575 0.0818593 0.0834145 0.435983 -0.298468 0.135395 -0.0823757
745 0.134543 0.162667 0.075479 0.0839339 0.0860053 0.444216 -0.302338 0.136595 -0.0770093
746 0.137871 0.166486 0.0778433 0.0859637 0.0886744 0.452511 -0.305887 0.137768 -0.0714965
747 0.141312 0.170383 0.0803458 0.0880618 0.0914923 0.460913 -0.309861 0.139061 -0.0657521
748 0.144844 0.174412 0.0829323 0.0902797 0.0944075 0.469417 -0.313432 0.140251 -0.0595151
749 0.148368 0.178542 0.0855318 0.0925396 0.0973972 0.478103 -0.317588 0.141539 -0.0533233
750 0.151966 0.182713 0.0882375 0.0948486 0.100418 0.486681 -0.321282 0.142738 -0.0468356
751 0.155695 0.186881 0.0910294 0.0972162 0.103619 0.495624 -0.325263 0.143832 -0.039794
752 0.159451 0.191274 0.0939349 0.099673 0.106841 0.504475 -0.329385 0.145009 -0.0324102
753 0.163288 0.195607 0.0970308 0.102125 0.110278 0.513496 -0.333265 0.146212 -0.0252137
754 0.167165 0.200108 0.100201 0.104649 0.113816 0.522538 -0.337302 0.147255 -0.0172211
755 0.171221 0.204621 0.103443 0.107266 0.117432 0.531904 -0.341314 0.14855 -0.00941672
756 0.175308 0.209398 0.106869 0.110135 0.121232 0.541155 -0.345393 0.14971 -0.000961415
757 0.179529 0.214041 0.110396 0.112883 0.12513 0.550528 -0.349423 0.151102 0.00800122
758 0.183745 0.218802 0.114 0.11569 0.129085 0.559945 -0.353358 0.15211 0.0170134
759 0.188086 0.223685 0.117826 0.118629 0.133374 0.569495 -0.357305 0.153228 0.0266208
760 0.192529 0.228831 0.12175 0.121731 0.137569 0.579151 -0.361437 0.154487 0.0363882
761 0.197113 0.233919 0.125839 0.124822 0.142062 0.588977 -0.36512 0.155701 0.046726
762 0.201892 0.239107 0.130075 0.127995 0.146618 0.598988 -0.368964 0.156989 0.0575913
763 0.206584 0.244423 0.134496 0.131311 0.151583 0.608775 -0.372583 0.158178 0.0686075
764 0.211544 0.249806 0.139108 0.134691 0.156557 0.618718 -0.375823 0.159387 0.0804732
765 0.21657 0.25536 0.143989 0.138195 0.16178 0.628764 -0.379023 0.16066 0.0924374
766 0.221825 0.260878 0.148876 0.141746 0.167127 0.639069 -0.382111 0.162006 0.105293
767 0.227124 0.266715 0.154038 0.14551 0.172768 0.649306 -0.38483 0.163148 0.118326
768 0.232674 0.272481 0.159405 0.149228 0.178552 0.659556 -0.387209 0.164525 0.132465
769 0.238273 0.278337 0.164999 0.153109 0.184663 0.669785 -0.389542 0.16586 0.146784
770 0.244126 0.284439 0.170844 0.157132 0.190991 0.68019 -0.391375 0.167075 0.162339
771 0.250117 0.290446 0.176952 0.161181 0.1974 0.690805 -0.39215 0.168254 0.177473
772 0.256329 0.296714 0.183344 0.165429 0.204313 0.701178 -0.392805 0.169511 0.193952
773 0.262686 0.303004 0.189743 0.169767 0.211172 0.711578 -0.393587 0.171016 0.211391
774 0.269344 0.3094 0.196833 0.174113 0.218609 0.722335 -0.392752 0.172089 0.229182
775 0.276175 0.316048 0.20396 0.178794 0.226375 0.732799 -0.391974 0.173749 0.24783
776 0.283177 0.32263 0.211427 0.183374 0.234155 0.743516 -0.389495 0.174815 0.26705
777 0.290679 0.329367 0.219269 0.18834 0.24248 0.754203 -0.386406 0.176414 0.287375
778 0.298327 0.336144 0.227564 0.193246 0.250937 0.765034 -0.382 0.17772 0.308302
779 0.306252 0.34306 0.236239 0.198291 0.259702 0.775869 -0.376514 0.179086 0.329881
780 0.314512 0.350138 0.245147 0.203538 0.268903 0.786683 -0.369743 0.180373 0.353
781 0.323163 0.35716 0.254503 0.208904 0.278415 0.797415 -0.361494 0.182091 0.376048
782 0.332078 0.364103 0.26436 0.214183 0.288387 0.808313 -0.351291 0.183372 0.400127
783 0.341483 0.371193 0.274719 0.21981 0.298572 0.818933 -0.339187 0.185282 0.42512
784 0.351111 0.378451 0.285207 0.225514 0.30908 0.829871 -0.325727 0.186717 0.450351
785 0.361235 0.385762 0.296549 0.231333 0.319824 0.840685 -0.309705 0.18843 0.476407
786 0.371805 0.39291 0.308222 0.237311 0.330706 0.851188 -0.29133 0.19039 0.503207
787 0.382739 0.399888 0.32037 0.243174 0.341855 0.861742 -0.27052 0.192137 0.530357
788 0.394104 0.406883 0.33308 0.249328 0.353078 0.87198 -0.247045 0.194415 0.558012
789 0.405991 0.414095 0.346002 0.25557 0.364577 0.882285 -0.22226 0.196786 0.586833
790 0.418126 0.420936 0.359596 0.261794 0.376075 0.892271 -0.193142 0.198798 0.615336
791 0.430821 0.427489 0.373647 0.267898 0.387486 0.901922 -0.161137 0.201408 0.644104
792 0.444101 0.433938 0.387888 0.274248 0.398744 0.911087 -0.126302 0.204699 0.673445
793 0.457754 0.440109 0.402557 0.280385 0.409855 0.919923 -0.0866553 0.207544 0.703137
794 0.471517 0.445464 0.417551 0.285912 0.420269 0.92822 -0.0437156 0.209445 0.73284
795 0.485092 0.450739 0.432959 0.291176 0.430173 0.935566 0.00207984 0.210121 0.762926
796 0.498108 0.455373 0.448384 0.295995 0.439877 0.942731 0.0486702 0.209223 0.793245
797 0.510806 0.459458 0.462468 0.300609 0.448255 0.948806 0.0949964 0.208494 0.822207
798 0.52136 0.462692 0.475237 0.304173 0.455861 0.954102 0.135886 0.204653 0.851187
799 -nan -nan -nan -nan -nan -nan -nan -nan -nan
