# Table 
0 1 1 1 1 1 1 1 1 1
1 0.360191 0.33412 0.429259 0.348857 0.309128 0.808611 0.149998 -0.370599 0.860183
2 0.346138 0.323644 0.41924 0.332667 0.299894 0.778837 0.147494 -0.39682 0.847713
3 0.332788 0.313182 0.408356 0.316912 0.290431 0.746482 0.144942 -0.418684 0.835568
4 0.319142 0.302514 0.396076 0.301437 0.280738 0.712046 0.139664 -0.43596 0.82404
5 0.305563 0.290546 0.381908 0.286248 0.26968 0.677327 0.133202 -0.446864 0.809903
6 0.292255 0.277901 0.367041 0.271081 0.258315 0.641256 0.125857 -0.451049 0.794223
7 0.279742 0.264929 0.351365 0.256731 0.24616 0.605277 0.119035 -0.446827 0.776344
8 0.267473 0.251828 0.334858 0.242291 0.233535 0.572376 0.111428 -0.440226 0.756429
9 0.255633 0.239118 0.317958 0.228118 0.221012 0.541908 0.103414 -0.428964 0.734772
10 0.244313 0.225824 0.300631 0.214377 0.20788 0.513033 0.0956988 -0.413209 0.71091
11 0.233032 0.213341 0.28297 0.200505 0.195227 0.488101 0.087491 -0.39812 0.685541
12 0.221992 0.200782 0.265609 0.187088 0.18239 0.464344 0.0795703 -0.38068 0.658736
13 0.211158 0.188874 0.248084 0.173923 0.170248 0.442799 0.0715875 -0.363247 0.631405
14 0.200502 0.177197 0.231077 0.161527 0.15822 0.421964 0.0637581 -0.343883 0.602996
15 0.190316 0.166128 0.214337 0.149411 0.146843 0.403597 0.0569067 -0.325128 0.574092
16 0.180239 0.155412 0.198156 0.138045 0.136001 0.385184 0.0499188 -0.30537 0.545005
17 0.170252 0.145212 0.182521 0.127265 0.125733 0.367667 0.0431937 -0.286657 0.516053
18 0.160745 0.135426 0.167359 0.117215 0.115703 0.350585 0.0371328 -0.266535 0.486904
19 0.151405 0.126296 0.152904 0.107795 0.10648 0.333798 0.031767 -0.247916 0.458192
20 0.142312 0.117414 0.13923 0.0987869 0.097663 0.317808 0.0263103 -0.229566 0.430233
21 0.133498 0.108939 0.126168 0.0905708 0.0894369 0.30178 0.0214013 -0.211454 0.402722
22 0.125079 0.101112 0.113771 0.0829241 0.0817591 0.28612 0.0169225 -0.193636 0.376166
23 0.11685 0.0935505 0.102172 0.0757141 0.0745012 0.270666 0.0131409 -0.176415 0.349783
24 0.109011 0.0866142 0.0912117 0.069134 0.067693 0.255766 0.00950847 -0.159871 0.324655
25 0.101386 0.0799145 0.0810057 0.0629399 0.0614799 0.240203 0.00623509 -0.144236 0.300843
26 0.0941907 0.073716 0.0714515 0.0571946 0.0556801 0.226046 0.00348835 -0.129724 0.277554
27 0.0872615 0.0676587 0.062557 0.0519749 0.0501489 0.211584 0.000752724 -0.115264 0.255704
28 0.0806258 0.0619802 0.0544688 0.046909 0.045114 0.198022 -0.000997635 -0.102168 0.233874
29 0.074282 0.0567877 0.0468428 0.0424038 0.0405061 0.184669 -0.00317965 -0.0899592 0.214147
30 0.0682586 0.0518824 0.0398925 0.0381085 0.0361389 0.171239 -0.00481288 -0.0783644 0.195228
31 0.0625264 0.0472252 0.0335504 0.0341491 0.0321194 0.158408 -0.00623011 -0.0678541 0.177593
32 0.0571558 0.0428829 0.027731 0.030644 0.0284456 0.14622 -0.00731425 -0.0576542 0.160589
33 0.0520825 0.038764 0.0225786 0.0272365 0.0250278 0.134009 -0.0081778 -0.0486433 0.145036
34 0.0472067 0.0349836 0.0177253 0.0240549 0.0218457 0.122493 -0.00923947 -0.0402135 0.13046
35 0.0426666 0.0314411 0.0134388 0.0211193 0.0190437 0.111636 -0.00999097 -0.0322878 0.116537
36 0.0383719 0.0280855 0.00962586 0.0185885 0.0163265 0.101048 -0.010704 -0.0251177 0.103931
37 0.0344085 0.0249795 0.00618697 0.0161017 0.0139299 0.0910271 -0.0109815 -0.0187435 0.0918769
38 0.0306412 0.0220712 0.00311124 0.013917 0.011676 0.0816458 -0.0113869 -0.0127616 0.0808091
39 0.0271153 0.0193653 0.000369103 0.0118761 0.0096132 0.072433 -0.0116756 -0.00730302 0.0708572
40 0.0239133 0.0168811 -0.0019501 0.00998067 0.00780556 0.0641467 -0.0118574 -0.00220689 0.0613505
41 0.0209321 0.0146431 -0.00405445 0.00825728 0.00617747 0.055867 -0.011876 0.00218194 0.0528727
42 0.0181666 0.0123814 -0.00586079 0.00661462 0.00462809 0.0489731 -0.011904 0.00581488 0.0447121
43 0.0156845 0.0103707 -0.00737494 0.00519212 0.00327124 0.041577 -0.0116716 0.00975313 0.037697
44 0.013288 0.00855296 -0.00871154 0.00386656 0.00208312 0.0349754 -0.0116772 0.0129026 0.0310687
45 0.0110738 0.00691985 -0.00984921 0.00269087 0.00106868 0.0289075 -0.0117637 0.0157321 0.0251529
46 0.00911798 0.00535377 -0.0107511 0.00159429 8.29827e-05 0.0233742 -0.0113309 0.0178037 0.0195121
47 0.00741066 0.0038457 -0.0115048 0.000566963 -0.000852432 0.0183606 -0.010916 0.0198819 0.0143779
48 0.00574839 0.00254718 -0.0121354 -0.000287396 -0.00157585 0.0135825 -0.0107447 0.0220628 0.00979557
49 0.00429133 0.00134398 -0.0126039 -0.0011218 -0.00231104 0.00946669 -0.0105134 0.0237415 0.00574494
50 0.00296882 0.000294565 -0.0129104 -0.00183094 -0.00285322 0.0053441 -0.0102037 0.0250483 0.00221207
51 0.0017974 -0.000617197 -0.0131947 -0.00242805 -0.00333299 0.00202943 -0.0098472 0.0260041 -0.00115731
52 0.000763465 -0.00148414 -0.0133207 -0.00298767 -0.00374709 -0.00142039 -0.00949793 0.0272369 -0.00400312
53 -0.000162779 -0.00223645 -0.0134411 -0.00344531 -0.00409895 -0.00442752 -0.00918543 0.0283391 -0.00666782
54 -0.00101635 -0.00289438 -0.0134236 -0.00380765 -0.00441027 -0.00692425 -0.00891776 0.0288489 -0.00893643
55 -0.00174251 -0.0035547 -0.0133613 -0.00413433 -0.00463512 -0.0094052 -0.00878462 0.0297999 -0.0107723
56 -0.00236679 -0.00406399 -0.0132064 -0.00442261 -0.00479807 -0.0113542 -0.00837385 0.0301913 -0.0126081
57 -0.00292152 -0.00465123 -0.0130944 -0.00467304 -0.00499412 -0.013423 -0.00811671 0.0304644 -0.0137874
58 -0.00344068 -0.00500852 -0.0127816 -0.00483615 -0.00515071 -0.0151825 -0.00760566 0.0304077 -0.0152179
59 -0.00388044 -0.00532162 -0.0125586 -0.00504412 -0.00516368 -0.0164906 -0.0073452 0.0301819 -0.0161654
60 -0.00418458 -0.00560088 -0.0122951 -0.00514099 -0.00509438 -0.0176731 -0.00699398 0.0301597 -0.0169399
61 -0.00442453 -0.00589336 -0.0119828 -0.00519028 -0.00521535 -0.0187106 -0.00654166 0.030194 -0.0178314
62 -0.00459731 -0.00598038 -0.0115276 -0.00524524 -0.00521913 -0.0194795 -0.00613965 0.0300528 -0.0182519
63 -0.00480976 -0.00619654 -0.011213 -0.0053133 -0.00517658 -0.0201245 -0.00587107 0.0295138 -0.0187023
64 -0.00490731 -0.00625613 -0.0107775 -0.0053405 -0.00506336 -0.0206163 -0.00563696 0.0291211 -0.0187422
65 -0.00492799 -0.00629783 -0.0103973 -0.00537772 -0.00498242 -0.0209403 -0.00523158 0.0282814 -0.0186005
66 -0.00505609 -0.00640654 -0.00999237 -0.00536034 -0.00492542 -0.020923 -0.00516871 0.0275775 -0.0187599
67 -0.00505153 -0.00632574 -0.0095552 -0.005279 -0.00484724 -0.0214515 -0.00466647 0.0267581 -0.0184156
68 -0.0050501 -0.00626808 -0.00907 -0.00524215 -0.00469147 -0.021411 -0.00440297 0.0261456 -0.0183732
69 -0.00492833 -0.00615213 -0.00858496 -0.0051763 -0.00451539 -0.0214837 -0.00397711 0.0254801 -0.0179528
70 -0.00481775 -0.00608585 -0.00820585 -0.00512136 -0.00448655 -0.0211173 -0.00356636 0.0242896 -0.0175209
71 -0.00469427 -0.00602717 -0.00776491 -0.00511073 -0.00432303 -0.0209724 -0.00334495 0.0235887 -0.0169019
72 -0.00452002 -0.0057655 -0.00738917 -0.00500991 -0.00411995 -0.0206729 -0.00316777 0.0227707 -0.0161537
73 -0.00434117 -0.00563345 -0.00691501 -0.00491594 -0.00400913 -0.0200354 -0.0028413 0.0219359 -0.0157907
74 -0.0041844 -0.00546124 -0.00650047 -0.00479619 -0.00384473 -0.0199059 -0.00258662 0.0211859 -0.0150949
75 -0.00398515 -0.00518781 -0.0060578 -0.00474629 -0.00363122 -0.0194529 -0.0021261 0.0203069 -0.0145718
76 -0.00382217 -0.00501741 -0.00568318 -0.00464434 -0.00359996 -0.0187352 -0.00193623 0.0193019 -0.0139725
77 -0.00364 -0.00476908 -0.00525317 -0.00456305 -0.00339005 -0.0185394 -0.00161024 0.0184996 -0.0132491
78 -0.00349044 -0.00450048 -0.00488462 -0.00444354 -0.00319971 -0.0180422 -0.00135312 0.0175907 -0.0127291
79 -0.00333344 -0.00423264 -0.00454872 -0.00441654 -0.00310774 -0.0179008 -0.000996162 0.0165879 -0.0118499
80 -0.00308759 -0.00397017 -0.00408637 -0.00427215 -0.00296098 -0.017177 -0.000608612 0.015697 -0.0112919
81 -0.00296872 -0.00379667 -0.00377922 -0.00422922 -0.00281008 -0.0169083 -0.000382388 0.0148886 -0.0106801
82 -0.00280226 -0.00353528 -0.00338505 -0.0040888 -0.0026327 -0.016794 -3.85858e-06 0.0142913 -0.0100861
83 -0.00264412 -0.0033012 -0.00307666 -0.00406478 -0.00253164 -0.0165925 0.000346332 0.0131756 -0.00933037
84 -0.00244114 -0.0030455 -0.00270949 -0.00393284 -0.00242429 -0.0161044 0.000732024 0.0124937 -0.00886115
85 -0.00237772 -0.00279264 -0.00241694 -0.00384112 -0.00229136 -0.0160666 0.00103188 0.0115813 -0.0083611
86 -0.00217702 -0.00259918 -0.00211511 -0.00382446 -0.00216721 -0.0156439 0.00141702 0.0109171 -0.00785153
87 -0.00207678 -0.00239005 -0.00184242 -0.00377224 -0.00213411 -0.0157334 0.00177909 0.0102662 -0.0073162
88 -0.00192438 -0.00212359 -0.00156072 -0.00370896 -0.0020171 -0.0151753 0.00208845 0.00962112 -0.00701897
89 -0.00180725 -0.00200398 -0.00136128 -0.00364471 -0.00199088 -0.0152431 0.00225624 0.00905739 -0.00626287
90 -0.00167935 -0.0017308 -0.0011342 -0.00355326 -0.0019193 -0.0151032 0.00259762 0.00852109 -0.00597656
91 -0.00164042 -0.00160794 -0.000900912 -0.00351111 -0.00182354 -0.0149751 0.00277761 0.00790379 -0.00558042
92 -0.00153192 -0.00141642 -0.000679465 -0.00343971 -0.00179432 -0.0147378 0.00314161 0.00753762 -0.0053951
93 -0.00143408 -0.00123377 -0.000446778 -0.00343064 -0.00177483 -0.0146854 0.00346446 0.00707642 -0.0051356
94 -0.00133948 -0.00108495 -0.000281885 -0.00334955 -0.00175845 -0.0145676 0.0037114 0.00664477 -0.00480656
95 -0.00128445 -0.00097403 -0.000111283 -0.00328441 -0.00173652 -0.0144068 0.00404178 0.00625509 -0.00476825
96 -0.00121797 -0.000817198 5.75309e-05 -0.00326864 -0.00171329 -0.0147228 0.00419984 0.00626899 -0.00444634
97 -0.00119478 -0.000692515 0.000178775 -0.00325541 -0.00164795 -0.0142566 0.00449376 0.0059255 -0.00465023
98 -0.00119471 -0.000656204 0.000287044 -0.00320645 -0.0017503 -0.0143759 0.00460858 0.00555147 -0.00442025
99 -0.00115529 -0.000527258 0.00038112 -0.003147 -0.00167652 -0.0142337 0.00479559 0.0052477 -0.00427121
100 -0.00115529 -0.000456859 0.000424885 -0.00318348 -0.00171225 -0.0144117 0.00512838 0.00471266 -0.00415373
101 -0.00113974 -0.000434326 0.000555777 -0.00309025 -0.00164293 -0.0143527 0.00526809 0.0044731 -0.00414743
102 -0.00116053 -0.000392695 0.000605167 -0.00300822 -0.00167586 -0.0142973 0.00538161 0.00446046 -0.00427498
103 -0.00118164 -0.000371345 0.000663597 -0.00299164 -0.00161676 -0.0140703 0.00548445 0.00408903 -0.00427612
104 -0.00122938 -0.000410254 0.000721335 -0.00296879 -0.00163217 -0.014256 0.00563078 0.00367692 -0.00421784
105 -0.00121843 -0.000404887 0.000756348 -0.00288849 -0.00158289 -0.0142356 0.00573121 0.00343611 -0.00408003
106 -0.00126425 -0.000412737 0.000783153 -0.00283272 -0.00160932 -0.0143611 0.00586395 0.00355481 -0.00433378
107 -0.00130748 -0.000438298 0.000762996 -0.00274229 -0.00159891 -0.0142555 0.00587867 0.00321952 -0.00435195
108 -0.00136819 -0.000464622 0.000760007 -0.00265887 -0.00157368 -0.0143731 0.00587501 0.0028928 -0.00423375
109 -0.00133716 -0.000476958 0.000726802 -0.0025692 -0.00156887 -0.0143885 0.00602248 0.0030743 -0.00433001
110 -0.00143929 -0.00049135 0.000738889 -0.00254256 -0.00154847 -0.0143203 0.00610417 0.00244069 -0.00453452
111 -0.00150323 -0.000542346 0.000670762 -0.00245756 -0.00154178 -0.014309 0.00608207 0.00246714 -0.00467481
112 -0.00157384 -0.000634995 0.000605825 -0.00238794 -0.00154922 -0.0143832 0.00611759 0.00220082 -0.00472285
113 -0.00162803 -0.000720694 0.000569478 -0.00237762 -0.00153926 -0.0142984 0.00608881 0.00199659 -0.00468876
114 -0.00170833 -0.000729643 0.000463892 -0.00225529 -0.0015516 -0.0139835 0.00603257 0.00175721 -0.00495678
115 -0.00175554 -0.000815664 0.000378058 -0.00220051 -0.00155507 -0.0142341 0.00619024 0.00170623 -0.0050076
116 -0.00184437 -0.000873349 0.00030062 -0.00214366 -0.0015611 -0.014445 0.00607593 0.00152149 -0.00498049
117 -0.00193437 -0.000914997 0.000191658 -0.00212002 -0.00153871 -0.0141109 0.00602794 0.00105156 -0.00512608
118 -0.00202884 -0.00102156 9.13038e-05 -0.00208807 -0.00150936 -0.0144854 0.00594233 0.000686786 -0.00486534
119 -0.00210816 -0.00111266 -3.07684e-05 -0.00205491 -0.00154104 -0.0143166 0.00590417 0.000525774 -0.00496894
120 -0.00222337 -0.00119789 -0.000137316 -0.00205393 -0.00150857 -0.0145732 0.00562007 0.000318064 -0.00477768
121 -0.00230824 -0.00127535 -0.000308576 -0.00199228 -0.00155628 -0.0142427 0.00548036 -5.30146e-05 -0.00488758
122 -0.00239573 -0.00131154 -0.000389738 -0.0019857 -0.00150995 -0.0142727 0.00541634 -0.000254705 -0.00494208
123 -0.00247617 -0.0014215 -0.000554434 -0.00195859 -0.00155369 -0.0143526 0.00513502 -0.000266853 -0.00486342
124 -0.00262165 -0.00151623 -0.000650472 -0.00194002 -0.0015337 -0.0143368 0.00494772 -0.0005508 -0.00491547
125 -0.00269482 -0.00156416 -0.000776644 -0.00197265 -0.0015076 -0.0142311 0.00474787 -0.000757333 -0.00479062
126 -0.00273655 -0.00163461 -0.000924744 -0.00197275 -0.00153346 -0.0144479 0.004595 -0.000666519 -0.0046417
127 -0.00276782 -0.00171119 -0.00100302 -0.00195694 -0.00148847 -0.0143888 0.00437153 -0.000659019 -0.0045313
128 -0.00284959 -0.00177912 -0.00118769 -0.00192071 -0.00154035 -0.0141886 0.00410287 -0.000764096 -0.00459751
129 -0.0028712 -0.00183668 -0.00128945 -0.00189234 -0.00155266 -0.0141769 0.00400153 -0.000652692 -0.00458875
130 -0.00292079 -0.00188641 -0.00138489 -0.00188251 -0.00151698 -0.0138996 0.00376543 -0.000653187 -0.00460091
131 -0.00296619 -0.00190167 -0.00151673 -0.00181764 -0.00153474 -0.0138931 0.00355923 -0.000702831 -0.00445948
132 -0.003021 -0.00199615 -0.00160496 -0.00177164 -0.00159522 -0.0139991 0.00349096 -0.000471511 -0.00460917
133 -0.00304785 -0.00204039 -0.00169472 -0.00177205 -0.00155105 -0.0138703 0.00332185 -0.000646891 -0.00443245
134 -0.0030767 -0.00203432 -0.00172845 -0.00171197 -0.00155338 -0.0137931 0.00328561 -0.000567271 -0.00462658
135 -0.00310133 -0.00210288 -0.00180258 -0.00169572 -0.00155682 -0.0136558 0.00327652 -0.000539151 -0.00467089
136 -0.00313787 -0.00212845 -0.00189339 -0.00164145 -0.00154774 -0.0136428 0.00301453 -0.000461088 -0.00451256
137 -0.00315569 -0.00222655 -0.00192898 -0.00162878 -0.0016196 -0.0136103 0.00296761 -0.000593452 -0.00449597
138 -0.00319872 -0.0022532 -0.00197804 -0.0016625 -0.00161877 -0.0138116 0.00303103 -0.000721329 -0.00460382
139 -0.00313816 -0.0023132 -0.00203026 -0.00159463 -0.00161794 -0.0136344 0.00291635 -0.000567735 -0.00443049
140 -0.00319599 -0.00234262 -0.00204419 -0.00159413 -0.00167879 -0.0136581 0.00294574 -0.000804386 -0.00452424
141 -0.00318433 -0.00237902 -0.00208093 -0.00151011 -0.00166522 -0.0136945 0.00304552 -0.000897859 -0.00463399
142 -0.00312605 -0.00239105 -0.0020981 -0.00147695 -0.00161818 -0.013501 0.00311549 -0.000823706 -0.00463017
143 -0.00313223 -0.00247177 -0.00214959 -0.00142156 -0.00163926 -0.0133942 0.00309637 -0.00111833 -0.00457883
144 -0.00310466 -0.00252645 -0.00219097 -0.00139044 -0.00168788 -0.0132372 0.00303766 -0.000957626 -0.00462803
145 -0.00307991 -0.00250224 -0.00217489 -0.00133863 -0.00169521 -0.0130449 0.00311608 -0.0011135 -0.00470285
146 -0.00300724 -0.00256908 -0.00220505 -0.00131575 -0.00165178 -0.0129197 0.00318713 -0.00130253 -0.00453956
147 -0.0029219 -0.00257233 -0.00220811 -0.00119321 -0.00164848 -0.012808 0.00337056 -0.00121401 -0.00453049
148 -0.00288067 -0.00260994 -0.00221823 -0.00116185 -0.00161851 -0.0126137 0.00340507 -0.00139067 -0.00455119
149 -0.00284055 -0.00263997 -0.00227141 -0.00110967 -0.00161745 -0.0124836 0.00345256 -0.00144105 -0.00449738
150 -0.00274819 -0.00268196 -0.00231022 -0.00105501 -0.00157945 -0.0123778 0.00352737 -0.00130706 -0.00440617
151 -0.00270404 -0.00274205 -0.00228001 -0.000993115 -0.00154903 -0.0123897 0.0037061 -0.00156831 -0.00437426
152 -0.00263562 -0.00275034 -0.00230181 -0.000935771 -0.00150132 -0.0124472 0.00377268 -0.0016264 -0.00421152
153 -0.00255461 -0.00274324 -0.00234934 -0.000862505 -0.00147722 -0.0122711 0.00374034 -0.00153154 -0.00405836
154 -0.00248295 -0.00276808 -0.00238338 -0.000847621 -0.00141502 -0.0121449 0.00388069 -0.00170454 -0.00400135
155 -0.00238915 -0.00280833 -0.00243299 -0.000811508 -0.0013916 -0.0119435 0.00392207 -0.00184491 -0.00382623
156 -0.00233961 -0.00277943 -0.00244758 -0.00073404 -0.00136747 -0.0117561 0.00394227 -0.00185472 -0.00381044
157 -0.00227925 -0.00281262 -0.00246045 -0.000727127 -0.00129994 -0.0114652 0.00398703 -0.00207155 -0.00372556
158 -0.00216195 -0.00280787 -0.00248632 -0.000672779 -0.00126487 -0.0113919 0.0040829 -0.0021432 -0.00346324
159 -0.00209315 -0.00282302 -0.00248255 -0.000692955 -0.00124691 -0.0108964 0.00409835 -0.00243346 -0.00346907
160 -0.00202182 -0.0027805 -0.00250504 -0.00063878 -0.0011344 -0.0106861 0.00397579 -0.00258655 -0.00307923
161 -0.00188361 -0.00278008 -0.00251298 -0.000633233 -0.0010866 -0.0102295 0.00407612 -0.0026038 -0.0030172
162 -0.00178463 -0.00277916 -0.0024687 -0.000606547 -0.00106028 -0.00999098 0.00418931 -0.00272145 -0.00293727
163 -0.00166471 -0.00273932 -0.00243596 -0.000626314 -0.000969794 -0.00964798 0.00419252 -0.00281516 -0.00268433
164 -0.00161749 -0.00270388 -0.00245931 -0.000642202 -0.000912571 -0.00927522 0.0040304 -0.00317058 -0.00235539
165 -0.00152981 -0.00262581 -0.00240366 -0.000638061 -0.000867055 -0.00877829 0.00406209 -0.00332052 -0.00234962
166 -0.00141709 -0.00260924 -0.0023421 -0.000658645 -0.000763876 -0.0084051 0.00417135 -0.00344036 -0.00222609
167 -0.00131384 -0.00256999 -0.00236465 -0.000655399 -0.00068378 -0.00794682 0.00392046 -0.00351018 -0.00188847
168 -0.00122683 -0.00250488 -0.00229383 -0.000696474 -0.000567125 -0.00775103 0.00403 -0.00367285 -0.00169283
169 -0.00115188 -0.00246698 -0.00224743 -0.000727256 -0.000509839 -0.00712201 0.00384416 -0.00381668 -0.00155676
170 -0.00109793 -0.00244337 -0.00219302 -0.000779386 -0.000420829 -0.00684062 0.00375993 -0.00397358 -0.00137152
171 -0.000989709 -0.0023604 -0.00215502 -0.000755356 -0.000328276 -0.00643499 0.00363435 -0.00394419 -0.00113814
172 -0.000907956 -0.00234052 -0.00208346 -0.000783918 -0.000281032 -0.00608114 0.00361946 -0.00400035 -0.00108811
173 -0.000813292 -0.00229951 -0.00200671 -0.000846499 -0.000174755 -0.00558193 0.00355448 -0.00408615 -0.000928797
174 -0.000778504 -0.00227474 -0.00197347 -0.000880697 -8.25668e-05 -0.0055021 0.00343343 -0.00425387 -0.000595235
175 -0.000688611 -0.00223499 -0.00186866 -0.000930548 -2.30598e-05 -0.00531381 0.00335525 -0.00427225 -0.000341243
176 -0.000660418 -0.00219961 -0.00186676 -0.000947712 3.32079e-05 -0.00485899 0.00313702 -0.00432557 -0.000192952
177 -0.000602739 -0.00216405 -0.0018078 -0.00100701 9.17997e-05 -0.00440921 0.00299771 -0.00449581 -0.000118992
178 -0.000554307 -0.0021776 -0.00179836 -0.00100951 0.000127212 -0.00423989 0.00287456 -0.00446994 3.95271e-05
179 -0.000540646 -0.00211497 -0.00170317 -0.00107551 0.00019459 -0.0037828 0.00265251 -0.00457853 0.000145851
180 -0.000476996 -0.00205552 -0.00168279 -0.00109649 0.000241858 -0.00365082 0.00244642 -0.00439681 0.000403183
181 -0.000469422 -0.00202574 -0.00166625 -0.00113879 0.000272085 -0.00338759 0.00235847 -0.00442722 0.000444201
182 -0.000485692 -0.00201645 -0.00164137 -0.0011974 0.000302182 -0.00323693 0.00203171 -0.00439122 0.00062932
183 -0.00044954 -0.00195803 -0.00163424 -0.00122735 0.000363713 -0.00285936 0.00185897 -0.00432929 0.000586361
184 -0.00049661 -0.00196092 -0.00160663 -0.00125294 0.000373246 -0.00274411 0.00162181 -0.00428257 0.000644567
185 -0.000501029 -0.00193456 -0.00158835 -0.00128922 0.00038307 -0.00270455 0.00144976 -0.00402997 0.000680996
186 -0.00060786 -0.00189658 -0.00161526 -0.00137256 0.000401156 -0.00247116 0.00103168 -0.00425211 0.000774023
187 -0.000639101 -0.00189021 -0.00158835 -0.00140533 0.000409433 -0.00239478 0.000862071 -0.00407385 0.000734707
188 -0.000655657 -0.00189102 -0.00159162 -0.00144584 0.000366666 -0.00224707 0.000672854 -0.0040045 0.000741603
189 -0.000742312 -0.00186023 -0.00160219 -0.00149296 0.000372457 -0.00211013 0.000354785 -0.00379316 0.00059789
190 -0.000840619 -0.00184321 -0.00161923 -0.00151898 0.000382393 -0.0024109 6.80268e-05 -0.00356604 0.000559769
191 -0.000911516 -0.00179554 -0.00163565 -0.00154047 0.000354741 -0.00233359 -0.000182991 -0.00348753 0.000586168
192 -0.000993341 -0.00182993 -0.00156567 -0.00162105 0.00033166 -0.0022903 -0.000410727 -0.00334463 0.000434386
193 -0.00112976 -0.00178222 -0.00162818 -0.00163219 0.000302443 -0.00222453 -0.000764415 -0.00316439 0.000180856
194 -0.00121346 -0.00179573 -0.00162076 -0.00167173 0.000242098 -0.00227355 -0.00102012 -0.00279221 3.41716e-05
195 -0.00130943 -0.0017853 -0.00164752 -0.00169326 0.000196245 -0.00251802 -0.00130147 -0.00246426 -2.8171e-05
196 -0.00141517 -0.00179421 -0.00163316 -0.00170152 0.000155889 -0.00244492 -0.00156799 -0.00212448 -0.00032076
197 -0.00151339 -0.0018011 -0.00168557 -0.00166501 9.21778e-05 -0.00255115 -0.00181884 -0.00157317 -0.000564514
198 -0.00166197 -0.00182416 -0.00168865 -0.00172834 6.57999e-06 -0.00275306 -0.00209916 -0.00146241 -0.000758496
199 -0.001763 -0.00182109 -0.00169734 -0.00174982 -2.32576e-05 -0.00294554 -0.00227852 -0.00105433 -0.00107155
200 -0.00185439 -0.00181169 -0.00168886 -0.00173549 -4.19049e-05 -0.00309373 -0.00252722 -0.000660008 -0.00129697
201 -0.00196597 -0.00184253 -0.00172824 -0.00170704 -0.000129012 -0.00333526 -0.0027392 -0.000142386 -0.0015461
202 -0.002146 -0.00184638 -0.00173907 -0.0017154 -0.000175641 -0.00362037 -0.00300843 4.51095e-05 -0.00176446
203 -0.00223129 -0.00185506 -0.00175143 -0.00175074 -0.000236628 -0.00372138 -0.00310925 0.000596686 -0.00214916
204 -0.00237601 -0.00186681 -0.00174558 -0.00171627 -0.000315663 -0.0039957 -0.00333495 0.000995374 -0.00251925
205 -0.00248166 -0.00190542 -0.00176204 -0.0016759 -0.000363483 -0.00424117 -0.00344693 0.00136027 -0.00291632
206 -0.0026413 -0.0019496 -0.00176051 -0.00168699 -0.000397619 -0.00451275 -0.0036555 0.00171992 -0.00322288
207 -0.00276048 -0.00197264 -0.00177335 -0.00166822 -0.000443843 -0.00490135 -0.00375794 0.00214061 -0.00356048
208 -0.00286788 -0.00201602 -0.00179165 -0.00164149 -0.000494299 -0.00520825 -0.00388654 0.00251385 -0.00382982
209 -0.00301774 -0.00209428 -0.0018005 -0.00163561 -0.000551362 -0.00569688 -0.0040601 0.0030328 -0.00414263
210 -0.00310941 -0.00212 -0.00178416 -0.00160373 -0.000590204 -0.00605587 -0.00403111 0.00328598 -0.00442782
211 -0.00320798 -0.00215671 -0.00180017 -0.00156847 -0.000654162 -0.00634109 -0.00411217 0.00373391 -0.00483288
212 -0.00335777 -0.00224573 -0.00184883 -0.00157923 -0.000737074 -0.00682588 -0.00420708 0.00395208 -0.00504479
213 -0.00346391 -0.00224952 -0.00183455 -0.00152941 -0.000771236 -0.00713329 -0.00421856 0.0042553 -0.00536219
214 -0.00353571 -0.00227876 -0.0018325 -0.0014724 -0.00077469 -0.00760188 -0.00428118 0.00479361 -0.00558277
215 -0.00360609 -0.00240903 -0.00183211 -0.00145687 -0.000874079 -0.00811042 -0.00421085 0.00514803 -0.00582186
216 -0.00369307 -0.00243698 -0.00183677 -0.00139938 -0.000847602 -0.00841203 -0.00419156 0.00541088 -0.00618013
217 -0.00378222 -0.00247816 -0.00184437 -0.00136596 -0.0008529 -0.00865768 -0.00428833 0.00569333 -0.00637826
218 -0.00384193 -0.00253896 -0.00184552 -0.00132239 -0.000912682 -0.00883645 -0.00423294 0.00583262 -0.00667268
219 -0.00387056 -0.00258855 -0.00183862 -0.00128104 -0.000943597 -0.00918482 -0.0041571 0.00627913 -0.00688712
220 -0.00393148 -0.00263098 -0.00181871 -0.00125272 -0.000965071 -0.00921666 -0.00408136 0.00618867 -0.00715407
221 -0.00394348 -0.00266064 -0.00181191 -0.0012448 -0.00100794 -0.00935 -0.00398262 0.00634974 -0.00731636
222 -0.00395863 -0.00265342 -0.00181812 -0.00119238 -0.0010227 -0.00951381 -0.00389809 0.00645077 -0.00742707
223 -0.00397037 -0.00269837 -0.00180674 -0.00116222 -0.000969252 -0.0098049 -0.00378557 0.00657705 -0.00750398
224 -0.00399018 -0.00271851 -0.00176677 -0.0011372 -0.0010185 -0.00986109 -0.00365028 0.00674445 -0.00773441
225 -0.00397107 -0.00272967 -0.0017251 -0.00109632 -0.00102688 -0.00994573 -0.00344168 0.00671041 -0.00785805
226 -0.00397508 -0.00274714 -0.00172821 -0.00106497 -0.00106945 -0.0100453 -0.00339094 0.00672358 -0.00784857
227 -0.00391553 -0.00271863 -0.00169019 -0.000998683 -0.00106516 -0.0100548 -0.00314902 0.00688918 -0.00797025
228 -0.00389322 -0.00273048 -0.0016562 -0.000972004 -0.00105595 -0.0100698 -0.00297807 0.00688423 -0.00810145
229 -0.00385723 -0.00271075 -0.00159799 -0.000925821 -0.00106507 -0.00995625 -0.0028162 0.00686774 -0.00823666
230 -0.00385763 -0.00268169 -0.00154027 -0.000895378 -0.00106402 -0.00987046 -0.00266694 0.00674213 -0.00833535
231 -0.00378171 -0.00266774 -0.00148141 -0.000846377 -0.00108386 -0.00988108 -0.00242696 0.00675024 -0.00834608
232 -0.00374119 -0.00262011 -0.00140703 -0.000817358 -0.00103666 -0.00983487 -0.0023316 0.00656629 -0.00824958
233 -0.003714 -0.00259554 -0.00134753 -0.000819939 -0.00100905 -0.00967048 -0.00216997 0.00635541 -0.00829813
234 -0.003624 -0.00257884 -0.00128421 -0.000765904 -0.0010111 -0.0094037 -0.00195167 0.00640748 -0.00842653
235 -0.00357517 -0.00250989 -0.00124192 -0.000717464 -0.00100045 -0.00937833 -0.00190764 0.00632261 -0.00821462
236 -0.00353193 -0.00244494 -0.00116004 -0.000692877 -0.000983618 -0.00921399 -0.00172356 0.00603711 -0.00813236
237 -0.00345151 -0.00246138 -0.00110251 -0.000697839 -0.000994776 -0.00888774 -0.0016192 0.00593736 -0.00815261
238 -0.00337585 -0.00240791 -0.00106403 -0.000650622 -0.000992188 -0.00874208 -0.00151819 0.00573384 -0.00795111
239 -0.00328207 -0.00237069 -0.000994267 -0.000609757 -0.000997764 -0.00850204 -0.00135437 0.00573611 -0.00790637
240 -0.00322389 -0.00229497 -0.000925978 -0.000579746 -0.000951812 -0.00849993 -0.00108506 0.00571056 -0.00799331
241 -0.00317925 -0.00228949 -0.000848002 -0.000566952 -0.000975857 -0.00811258 -0.00110161 0.00544153 -0.00789506
242 -0.00313165 -0.00221201 -0.000828498 -0.000537616 -0.00099188 -0.00787879 -0.00106877 0.0051436 -0.00771072
243 -0.00304466 -0.00215178 -0.000787749 -0.000514884 -0.00099146 -0.00771837 -0.000910038 0.00521255 -0.00766143
244 -0.00295635 -0.00211137 -0.000730688 -0.000493539 -0.000974292 -0.00728245 -0.000827165 0.00482065 -0.00748333
245 -0.00287781 -0.00202637 -0.000672068 -0.000502123 -0.000973577 -0.00703375 -0.000723103 0.00462775 -0.00736611
246 -0.00281328 -0.00198664 -0.000591743 -0.000518292 -0.000974359 -0.00675991 -0.000643407 0.00424221 -0.00713019
247 -0.00277326 -0.00192875 -0.000562566 -0.000485897 -0.000972932 -0.00669982 -0.000621425 0.00419197 -0.00693616
248 -0.00270733 -0.00187201 -0.00050461 -0.000481319 -0.00100236 -0.0062819 -0.000566425 0.0040158 -0.00694609
249 -0.00266527 -0.00180884 -0.000449302 -0.000467227 -0.000999056 -0.00610359 -0.000507074 0.00370681 -0.00671874
250 -0.0026261 -0.00172992 -0.000402548 -0.000477868 -0.000988216 -0.00607657 -0.000499201 0.00347179 -0.00647547
251 -0.00257748 -0.00168283 -0.000383759 -0.000448531 -0.00101876 -0.00577027 -0.000476556 0.00333195 -0.00643058
252 -0.00252319 -0.00163254 -0.000319603 -0.000456563 -0.00103883 -0.00538498 -0.000432012 0.0029762 -0.00634623
253 -0.00250373 -0.00158937 -0.000309731 -0.000478421 -0.00105001 -0.00530486 -0.00051764 0.00277584 -0.0061389
254 -0.00243829 -0.00154857 -0.000251612 -0.000470687 -0.00106478 -0.00507229 -0.00040003 0.00269096 -0.00612345
255 -0.00238831 -0.00149551 -0.000234562 -0.000486242 -0.00108249 -0.00498646 -0.000323646 0.00242619 -0.00593794
256 -0.00236824 -0.00139776 -0.000198995 -0.000508185 -0.00110873 -0.00469877 -0.000378315 0.00226139 -0.00588986
257 -0.00235885 -0.00138282 -0.000163129 -0.000522559 -0.00115608 -0.00447446 -0.00040162 0.00201461 -0.00582794
258 -0.0023335 -0.00132736 -0.000124273 -0.000548226 -0.00120046 -0.00424281 -0.00036906 0.00186486 -0.00584696
259 -0.00230887 -0.00129131 -9.49092e-05 -0.000584023 -0.00129132 -0.00392535 -0.000256876 0.00166683 -0.00598592
260 -0.00225793 -0.00126966 -8.40906e-05 -0.000573238 -0.00128909 -0.00385663 -0.000313452 0.00167917 -0.00578577
261 -0.00222913 -0.0012137 -7.45429e-05 -0.000584082 -0.00135035 -0.0035771 -0.000296474 0.00161433 -0.00581239
262 -0.00221199 -0.00119153 -3.64172e-05 -0.000620191 -0.00142074 -0.00349629 -0.000220529 0.00130835 -0.00577662
263 -0.00220699 -0.00117096 6.86294e-06 -0.000654621 -0.00145987 -0.00327296 -0.000280087 0.0012011 -0.00580172
264 -0.00218225 -0.0011252 -2.47687e-05 -0.000682515 -0.00152741 -0.00321262 -0.000281897 0.00101387 -0.00568039
265 -0.00216503 -0.00110579 -2.43665e-05 -0.000712238 -0.001565 -0.00313531 -0.000400023 0.00113813 -0.00560579
266 -0.00218339 -0.00110595 -1.07768e-05 -0.000743568 -0.00162775 -0.00284398 -0.000426052 0.00093408 -0.00570112
267 -0.00214697 -0.00107586 -1.47206e-05 -0.000762148 -0.00164458 -0.00286443 -0.000424562 0.000893301 -0.00559289
268 -0.00212808 -0.00105107 2.79051e-05 -0.000778083 -0.00165988 -0.00272465 -0.0004887 0.000886822 -0.00553264
269 -0.00214843 -0.00108126 -7.02139e-06 -0.000824575 -0.00175051 -0.00257039 -0.000543055 0.000831732 -0.00562146
270 -0.00214854 -0.00106568 -4.60395e-06 -0.000851142 -0.00177798 -0.00257428 -0.000612634 0.000926522 -0.00560104
271 -0.00215713 -0.00106157 -3.00462e-05 -0.000869078 -0.00181652 -0.00255914 -0.000657548 0.000892842 -0.00561441
272 -0.00214724 -0.00103946 -4.03156e-05 -0.000901197 -0.00185385 -0.00253871 -0.000773509 0.00085773 -0.00544124
273 -0.00210303 -0.00102536 -4.81793e-05 -0.000905203 -0.00187576 -0.00263233 -0.00068439 0.00107262 -0.00561425
274 -0.00210558 -0.00105761 -8.13545e-05 -0.000889073 -0.00192331 -0.00255899 -0.000792332 0.00115104 -0.00551714
275 -0.00207292 -0.00103016 -9.54706e-05 -0.000890697 -0.0019452 -0.00259077 -0.000748575 0.00122901 -0.00554792
276 -0.00210635 -0.00102731 -0.000141495 -0.000959102 -0.00197187 -0.00250804 -0.000853895 0.00120395 -0.00560277
277 -0.00208587 -0.00105261 -0.000149464 -0.000946701 -0.00197158 -0.00242254 -0.000847467 0.00126864 -0.00567424
278 -0.00206032 -0.00104817 -0.000211205 -0.000933 -0.00202132 -0.0024093 -0.000939825 0.00141724 -0.00563031
279 -0.002077 -0.00105441 -0.000221369 -0.000963099 -0.0020049 -0.00240788 -0.000949566 0.00130346 -0.00561403
280 -0.00204936 -0.00107361 -0.000289151 -0.000963945 -0.00202856 -0.00243421 -0.000983111 0.00159644 -0.00572473
281 -0.00204232 -0.00103262 -0.000335885 -0.000941091 -0.00202469 -0.00245608 -0.00107772 0.00171978 -0.0056761
282 -0.00204541 -0.00105498 -0.000388524 -0.000951312 -0.00205406 -0.00245471 -0.00111092 0.00187092 -0.00578343
283 -0.00205055 -0.00103927 -0.000421661 -0.000966339 -0.00203301 -0.002455 -0.00119332 0.00191108 -0.00573759
284 -0.00204548 -0.00105296 -0.000471611 -0.00099615 -0.00205371 -0.00247697 -0.00116994 0.00200792 -0.00586081
285 -0.00203853 -0.00100646 -0.000522689 -0.000955975 -0.00201434 -0.00248259 -0.00123536 0.00220144 -0.00587223
286 -0.00206266 -0.00100885 -0.000586342 -0.00098459 -0.00198592 -0.00256948 -0.00129109 0.00222444 -0.00585206
287 -0.0020399 -0.00103192 -0.000661912 -0.00100294 -0.0020133 -0.00267098 -0.00133726 0.00237246 -0.00579985
288 -0.00202108 -0.000985581 -0.000674897 -0.00100924 -0.00196824 -0.00261581 -0.0013142 0.00244667 -0.00588865
289 -0.00204645 -0.00101722 -0.000789416 -0.00103082 -0.00196719 -0.00270553 -0.00152159 0.0025863 -0.00577412
290 -0.00205549 -0.000966775 -0.000835504 -0.00106598 -0.00194169 -0.00264106 -0.00153136 0.00255813 -0.00583071
291 -0.00205898 -0.000951731 -0.000909472 -0.00102144 -0.0019194 -0.0026849 -0.00166942 0.0027546 -0.00578667
292 -0.00203332 -0.000948708 -0.000998884 -0.0010402 -0.00188697 -0.00269021 -0.00172939 0.00287224 -0.00571945
293 -0.00200451 -0.000957856 -0.00105781 -0.00111963 -0.00184862 -0.00274132 -0.00184777 0.00297395 -0.00552102
294 -0.00199124 -0.00097624 -0.0011569 -0.00112142 -0.00182995 -0.00266992 -0.00188038 0.00297035 -0.00549715
295 -0.00198464 -0.000948863 -0.00122164 -0.00112441 -0.00180474 -0.00262735 -0.00196387 0.00308667 -0.00548604
296 -0.00199393 -0.000949525 -0.0013104 -0.00115869 -0.00175197 -0.00276744 -0.00215902 0.00318338 -0.00520354
297 -0.00197759 -0.000938833 -0.00138016 -0.001176 -0.00175007 -0.00265749 -0.00219056 0.00329352 -0.00528499
298 -0.00198484 -0.000911436 -0.00145957 -0.00119618 -0.00170136 -0.00261557 -0.00229575 0.00323141 -0.00512107
299 -0.00194654 -0.000923817 -0.0015394 -0.00120587 -0.0016986 -0.00257706 -0.00242907 0.00336842 -0.00495465
300 -0.00194559 -0.000917208 -0.00162002 -0.00123976 -0.00163145 -0.00239554 -0.00255547 0.00336776 -0.0049345
301 -0.00195155 -0.000891993 -0.00168684 -0.00129091 -0.00162089 -0.00233588 -0.00271465 0.00328109 -0.00482173
302 -0.00197458 -0.000906159 -0.00175778 -0.00131791 -0.00160098 -0.00238665 -0.00281743 0.00328675 -0.00465302
303 -0.0019452 -0.000900587 -0.00183113 -0.00133714 -0.00153218 -0.00231553 -0.00304738 0.00354984 -0.00445186
304 -0.00196019 -0.000897379 -0.00186293 -0.00133355 -0.00148351 -0.00239983 -0.00312507 0.00356186 -0.00436708
305 -0.00195434 -0.000899491 -0.00190903 -0.00134866 -0.0014595 -0.00237676 -0.00321448 0.00362932 -0.00433977
306 -0.00199868 -0.000941079 -0.00197493 -0.00138238 -0.00142724 -0.0023193 -0.00344603 0.00366774 -0.00419161
307 -0.00196081 -0.000950677 -0.00198805 -0.00137912 -0.0014136 -0.00237876 -0.00339121 0.00374316 -0.00417844
308 -0.00197111 -0.000993581 -0.00203762 -0.00137999 -0.00137201 -0.0023223 -0.00355376 0.00383029 -0.00409646
309 -0.00197876 -0.000971063 -0.00205063 -0.00141836 -0.00132674 -0.00233606 -0.00361841 0.00389958 -0.00405594
310 -0.00195344 -0.000979997 -0.00202638 -0.00139889 -0.00130449 -0.00251264 -0.0035267 0.0040116 -0.00405755
311 -0.00196411 -0.00101235 -0.00204112 -0.00139859 -0.00125119 -0.00263025 -0.00360737 0.0041396 -0.00397321
312 -0.0020145 -0.00106062 -0.00205711 -0.0014152 -0.00126989 -0.00258714 -0.00371695 0.00401338 -0.00393042
313 -0.00200736 -0.00106463 -0.00205188 -0.00139854 -0.00124914 -0.00270864 -0.00364965 0.00418437 -0.00399342
314 -0.00199499 -0.00109386 -0.0020129 -0.00140787 -0.00121477 -0.00294056 -0.00353905 0.00424344 -0.00394598
315 -0.00197614 -0.00113917 -0.00201407 -0.00139287 -0.00121665 -0.00306264 -0.00359117 0.00443329 -0.00392048
316 -0.00200088 -0.00117157 -0.00200196 -0.00139898 -0.00121705 -0.00321951 -0.00355442 0.00445335 -0.00397836
317 -0.00199919 -0.00120601 -0.00195412 -0.00140758 -0.00120421 -0.00339645 -0.00345436 0.00448317 -0.00399122
318 -0.0020111 -0.00124002 -0.00196505 -0.00139236 -0.00121279 -0.00356303 -0.00338995 0.00458901 -0.0040132
319 -0.0020198 -0.00128489 -0.0019348 -0.00142212 -0.00124815 -0.00385305 -0.00327665 0.00460528 -0.00408687
320 -0.00204261 -0.00133625 -0.0019166 -0.00142025 -0.00126027 -0.00411288 -0.00316686 0.00454524 -0.00405867
321 -0.00202767 -0.00138427 -0.00189639 -0.0014369 -0.00127649 -0.00417033 -0.00298889 0.00448125 -0.00420723
322 -0.00205731 -0.00143923 -0.00187286 -0.00144006 -0.00132223 -0.00456953 -0.00288256 0.00445102 -0.00417762
323 -0.00207614 -0.00147473 -0.0018528 -0.00145199 -0.00133173 -0.00470405 -0.0027282 0.00438145 -0.00430593
324 -0.00204965 -0.00154133 -0.00180631 -0.00143448 -0.00135499 -0.00512424 -0.00250207 0.00452548 -0.00430058
325 -0.00208951 -0.00156937 -0.00180522 -0.00146274 -0.00138641 -0.0052335 -0.00240472 0.00426353 -0.00438094
326 -0.00211808 -0.00162633 -0.00176119 -0.00148321 -0.00142527 -0.00542646 -0.00212818 0.00407796 -0.00456354
327 -0.00209421 -0.00170196 -0.00172934 -0.00148199 -0.00146366 -0.00575462 -0.00187023 0.00414586 -0.00461222
328 -0.00213434 -0.00175118 -0.00173819 -0.00150448 -0.00150137 -0.00586016 -0.00170853 0.00386744 -0.00470867
329 -0.00217477 -0.00178336 -0.00171878 -0.00150453 -0.00154613 -0.00617992 -0.0015847 0.00378142 -0.00477673
330 -0.00218117 -0.00187459 -0.00170243 -0.00150212 -0.00158479 -0.00641972 -0.00127617 0.00368298 -0.00502849
331 -0.00220231 -0.00188526 -0.00170629 -0.00151875 -0.00161335 -0.00658869 -0.00108743 0.00357673 -0.00508127
332 -0.0022234 -0.00197311 -0.0016929 -0.00152517 -0.00166815 -0.0067958 -0.000867094 0.00342743 -0.00524468
333 -0.00223374 -0.00198887 -0.0017166 -0.00150104 -0.00169492 -0.00708379 -0.000668489 0.00326525 -0.00526141
334 -0.00226323 -0.00202219 -0.00171553 -0.00151839 -0.00170442 -0.0072055 -0.000452659 0.00310622 -0.0054471
335 -0.00228079 -0.00211265 -0.0017172 -0.00155669 -0.00175863 -0.00737715 -0.000281036 0.002884 -0.00546416
336 -0.00229308 -0.00212921 -0.0017328 -0.00154153 -0.00178638 -0.00762421 -3.45935e-05 0.00284665 -0.00564813
337 -0.00231202 -0.00214325 -0.00174507 -0.00155409 -0.00179934 -0.00779948 0.000100495 0.00270548 -0.00576534
338 -0.00233033 -0.00217543 -0.00177188 -0.00156084 -0.00182753 -0.00786407 0.000309385 0.00249006 -0.00588059
339 -0.00234287 -0.00219872 -0.00178793 -0.00154831 -0.00184732 -0.00809969 0.000422165 0.00246905 -0.005991
340 -0.00239093 -0.00221344 -0.00180641 -0.00156521 -0.0018584 -0.00822336 0.000617388 0.00216827 -0.00608738
341 -0.00241989 -0.00226618 -0.00183383 -0.00157582 -0.00188761 -0.00838685 0.000644852 0.00220971 -0.00613166
342 -0.00243864 -0.00226007 -0.00188259 -0.00157356 -0.00187444 -0.00847309 0.000834595 0.00208687 -0.00632947
343 -0.00245794 -0.00228786 -0.00189626 -0.00158426 -0.00190562 -0.00861976 0.000999799 0.0020527 -0.00645991
344 -0.00250276 -0.00232447 -0.00193605 -0.00159005 -0.00188524 -0.0088 0.00104954 0.00193666 -0.00650811
345 -0.0025163 -0.00232223 -0.00197622 -0.00162886 -0.00190747 -0.0088294 0.00117441 0.00173973 -0.00659686
346 -0.00255562 -0.00232168 -0.00204208 -0.0016488 -0.00189113 -0.00885177 0.00112428 0.00171491 -0.00662111
347 -0.00256448 -0.00234404 -0.00208918 -0.00164911 -0.00188176 -0.00883189 0.00126768 0.00163089 -0.00679576
348 -0.00259051 -0.00236637 -0.00214514 -0.00170149 -0.00188013 -0.00896719 0.00129188 0.0016823 -0.00679969
349 -0.00262912 -0.00238354 -0.00221298 -0.0017384 -0.00190245 -0.0089472 0.00136922 0.00151424 -0.00701287
350 -0.00266713 -0.00236519 -0.00226819 -0.00176956 -0.00189498 -0.00904142 0.00139697 0.0016686 -0.00720829
351 -0.00266935 -0.00237881 -0.00235342 -0.00179177 -0.00191349 -0.00898334 0.00140368 0.00171081 -0.00729591
352 -0.00270849 -0.00236618 -0.00239899 -0.00184291 -0.00189053 -0.00900915 0.0013842 0.00171499 -0.00739406
353 -0.0027444 -0.00237767 -0.00246298 -0.00188254 -0.00190053 -0.00904737 0.00130611 0.00166183 -0.00739217
354 -0.00274613 -0.0023795 -0.00251919 -0.00194587 -0.00189997 -0.0089023 0.00133003 0.00178292 -0.00759897
355 -0.00277255 -0.00239566 -0.0025437 -0.00197856 -0.00189149 -0.00873693 0.00129589 0.0017386 -0.00771965
356 -0.00279578 -0.00235554 -0.00262416 -0.00200273 -0.00192017 -0.00847559 0.00112455 0.001873 -0.00779476
357 -0.0027804 -0.00234492 -0.00265909 -0.00206218 -0.00193062 -0.00825591 0.0011151 0.00186136 -0.00784405
358 -0.00275039 -0.00233162 -0.00271623 -0.00206222 -0.00192906 -0.00801417 0.000990358 0.00218554 -0.00790052
359 -0.00273479 -0.00230076 -0.0027155 -0.00208411 -0.00188837 -0.00770543 0.000960961 0.00225723 -0.00805391
360 -0.00271491 -0.00227446 -0.00275316 -0.00210747 -0.00193033 -0.00732149 0.000839133 0.00230707 -0.00810352
361 -0.00263868 -0.00219601 -0.00279032 -0.00208951 -0.00189728 -0.00685246 0.000606696 0.00256832 -0.00802019
362 -0.00257599 -0.00218532 -0.00280281 -0.00215091 -0.00192287 -0.0062149 0.000546848 0.00267138 -0.00819175
363 -0.00251164 -0.00213564 -0.00283378 -0.00213534 -0.0018889 -0.00558805 0.000344886 0.00286315 -0.00820497
364 -0.00241168 -0.00206677 -0.0028375 -0.00213839 -0.0018752 -0.00497313 0.000142279 0.00307289 -0.00812385
365 -0.00230146 -0.00198954 -0.00286224 -0.00209957 -0.00186931 -0.00434516 -0.0001431 0.00338548 -0.00794143
366 -0.00217286 -0.0019053 -0.00287463 -0.00209376 -0.00184059 -0.00345364 -0.000400613 0.00357052 -0.00779582
367 -0.00204311 -0.00179221 -0.00284853 -0.00206365 -0.00177931 -0.00261429 -0.000655611 0.00367177 -0.00760799
368 -0.00186482 -0.0017052 -0.00284117 -0.00202319 -0.00178793 -0.00167084 -0.000890082 0.00379735 -0.00738401
369 -0.00171092 -0.00155798 -0.00281417 -0.00196692 -0.00171701 -0.000618666 -0.00131942 0.00394075 -0.00701898
370 -0.00151273 -0.00143618 -0.00278255 -0.00190583 -0.00165158 0.00033214 -0.00167952 0.004136 -0.00649441
371 -0.00131173 -0.00126862 -0.00271663 -0.00180419 -0.00159447 0.00150321 -0.00205932 0.00416025 -0.00612144
372 -0.00103279 -0.00109638 -0.00264556 -0.0016701 -0.00148597 0.00266222 -0.00238417 0.00444352 -0.00555983
373 -0.000771342 -0.000922503 -0.00253641 -0.00152893 -0.00141497 0.00405509 -0.00285199 0.00444687 -0.0048579
374 -0.000497956 -0.000685196 -0.00241973 -0.00136701 -0.00127466 0.0053433 -0.00329578 0.00448825 -0.00414841
375 -0.000160249 -0.000473402 -0.00224679 -0.0011944 -0.00112449 0.00672948 -0.00370868 0.00457383 -0.00328887
376 0.000203573 -0.000219557 -0.0020483 -0.00102293 -0.000949971 0.00809194 -0.00409702 0.00454726 -0.00235008
377 0.000547609 7.07017e-05 -0.00182761 -0.000782988 -0.000721232 0.00967462 -0.00461564 0.00445089 -0.00131177
378 0.000953485 0.000371722 -0.00155 -0.000534202 -0.000516116 0.0113358 -0.0050181 0.00421022 -0.000224284
379 0.0013857 0.00070591 -0.00120366 -0.00026109 -0.000228587 0.0129784 -0.00541629 0.00380261 0.00108974
380 0.00184259 0.00106779 -0.000842261 3.86383e-05 3.87747e-05 0.0144762 -0.00585925 0.00356021 0.00256335
381 0.00234315 0.00146118 -0.000407366 0.000385685 0.000376163 0.0165637 -0.00625002 0.00292613 0.00396462
382 0.00290742 0.00191344 8.10233e-05 0.000756044 0.00075312 0.0183238 -0.00655612 0.00236109 0.00565674
383 0.00352604 0.00239895 0.000636246 0.00118146 0.00117318 0.0201093 -0.0067533 0.00183325 0.0074064
384 0.00416303 0.00289767 0.00126584 0.00163448 0.00160691 0.0220442 -0.00696861 0.0010873 0.00925944
385 0.00482152 0.00342594 0.00194003 0.0020949 0.00209036 0.023915 -0.00715103 0.000247269 0.011277
386 0.00552497 0.00402765 0.00269316 0.00265886 0.00261776 0.0257874 -0.00724595 -0.00047029 0.0132972
387 0.00626443 0.0046751 0.00352152 0.00322856 0.00320062 0.0276836 -0.00723537 -0.00160262 0.0155008
388 0.00706233 0.00534947 0.00440396 0.00388831 0.00382787 0.0296135 -0.00717939 -0.00250056 0.0177467
389 0.00786136 0.00607814 0.00537174 0.00453912 0.00448903 0.031538 -0.00703912 -0.00376868 0.0201139
390 0.00870798 0.00683226 0.0063944 0.00528464 0.00517521 0.0335309 -0.00679135 -0.00500798 0.0225003
391 0.0095883 0.00762642 0.00748942 0.00604458 0.00595715 0.0353483 -0.00644452 -0.00631272 0.0249771
392 0.0104897 0.00848946 0.00861327 0.00687808 0.00673629 0.0372382 -0.00596835 -0.00770692 0.0274791
393 0.0114538 0.00937786 0.00979405 0.00775649 0.00759636 0.0391033 -0.00550524 -0.00910568 0.0301074
394 0.0124164 0.0102981 0.0110348 0.00866059 0.00845018 0.0409047 -0.00485428 -0.0106043 0.0327082
395 0.0134141 0.0112648 0.0122528 0.00959674 0.0093489 0.04276 -0.00411302 -0.0122086 0.0352713
396 0.0144782 0.0122094 0.0135275 0.0105742 0.0102283 0.0445005 -0.00326176 -0.0135615 0.0378109
397 0.0154977 0.0131948 0.0147684 0.0115488 0.0111575 0.0461513 -0.00249899 -0.0149807 0.040468
398 0.0165045 0.0141201 0.0159833 0.0125472 0.012026 0.047596 -0.00158889 -0.0163004 0.0429523
399 0.0175132 0.0150563 0.0171516 0.0135597 0.0128575 0.0488326 -0.000664675 -0.0175191 0.045516
400 0.0166881 0.0142687 0.0161995 0.0127678 0.0121447 0.0461339 -0.000500926 -0.0170519 0.0436668
401 0.0157912 0.013453 0.0150807 0.0118747 0.0113687 0.0432095 -0.000519027 -0.0163855 0.0418447
402 0.014859 0.0125717 0.0139639 0.0109531 0.0105861 0.040242 -0.000513751 -0.015732 0.0398735
403 0.0139264 0.0117042 0.0128081 0.0100438 0.00976957 0.0373166 -0.000484152 -0.0148664 0.0376893
404 0.0129827 0.0107826 0.0116374 0.00915755 0.00889631 0.0343676 -0.000532472 -0.0137995 0.0354807
405 0.0119948 0.00990603 0.0104451 0.00826324 0.00808263 0.0314713 -0.000672504 -0.0128519 0.0332257
406 0.0110723 0.00901451 0.00931443 0.00741309 0.00725092 0.0287088 -0.000653269 -0.0117522 0.0308585
407 0.0101762 0.00817025 0.00816817 0.00658819 0.00647044 0.0260008 -0.000677748 -0.0105227 0.0284732
408 0.00927813 0.00735809 0.00708601 0.00579007 0.00568419 0.0236338 -0.000785044 -0.00945921 0.0260945
409 0.00844021 0.00656823 0.00606509 0.00503939 0.00498071 0.021153 -0.000792945 -0.00813069 0.0237898
410 0.00762224 0.00584843 0.00506892 0.0043578 0.00427275 0.0188261 -0.000847483 -0.00692453 0.0215934
411 0.0068379 0.00516142 0.00415047 0.00368937 0.00366075 0.0165824 -0.000798452 -0.00581104 0.0192888
412 0.00610002 0.00450122 0.00328367 0.003112 0.00307048 0.014528 -0.000841109 -0.0046004 0.0171537
413 0.00535976 0.00389226 0.00250036 0.0025217 0.00251111 0.0124082 -0.000738353 -0.00352572 0.0150037
414 0.00467834 0.00330428 0.00176547 0.00201742 0.00199096 0.0104963 -0.00073093 -0.00253163 0.0130011
415 0.0040325 0.00276021 0.00110537 0.00151555 0.00152333 0.00864257 -0.000639714 -0.0016865 0.0111668
416 0.00342705 0.00228825 0.000518155 0.00110909 0.0010947 0.00683659 -0.000468318 -0.000749321 0.00924786
417 0.00284586 0.00183873 -2.94104e-05 0.000710798 0.000711915 0.00515107 -0.000392467 0.000111164 0.00752961
418 0.00227612 0.00140223 -0.00050711 0.00033212 0.00033973 0.00346227 -0.000316258 0.00078525 0.00601093
419 0.00176152 0.00099362 -0.000922403 4.62651e-06 7.45482e-06 0.0019834 -0.000135278 0.00141872 0.00440555
420 0.00131064 0.000641797 -0.00128937 -0.000301717 -0.000288877 0.000474124 1.65741e-05 0.00201553 0.00311348
421 0.00089675 0.000321916 -0.00158922 -0.000566681 -0.000518206 -0.000758507 0.000119266 0.0026571 0.00186005
422 0.000509293 2.26151e-05 -0.00187965 -0.000806221 -0.000772436 -0.00204708 0.00023621 0.00317081 0.000747281
423 0.000145843 -0.000246035 -0.00210478 -0.00102417 -0.000946016 -0.00327992 0.000449953 0.00354812 -0.000347499
424 -0.000160397 -0.000503357 -0.00227676 -0.00123799 -0.00114619 -0.00423152 0.000622848 0.00391053 -0.00130576
425 -0.00048713 -0.000728042 -0.00243432 -0.0013854 -0.00129356 -0.00525732 0.000642052 0.0042971 -0.00211541
426 -0.000789424 -0.000912413 -0.0025689 -0.00153423 -0.00141914 -0.006343 0.000741094 0.00456973 -0.00281779
427 -0.00103055 -0.00112477 -0.00265084 -0.00167565 -0.0015368 -0.00709547 0.000966333 0.00468948 -0.00363482
428 -0.00126019 -0.00127488 -0.00272944 -0.00179772 -0.00158817 -0.0078218 0.00106426 0.00469959 -0.00412721
429 -0.0015115 -0.00142713 -0.00277611 -0.00191448 -0.00168155 -0.00862402 0.0011403 0.00468226 -0.00464831
430 -0.00168464 -0.00157291 -0.00281819 -0.00200088 -0.00172009 -0.00918235 0.00122683 0.00469655 -0.00510733
431 -0.00186037 -0.00167601 -0.00282842 -0.00204707 -0.00177231 -0.0096801 0.00131169 0.00463971 -0.00553053
432 -0.00199173 -0.00180479 -0.00283917 -0.00209031 -0.00183055 -0.0103677 0.00146786 0.00470463 -0.00582434
433 -0.00214984 -0.00187641 -0.0028332 -0.00211958 -0.00181217 -0.0106882 0.00150253 0.00449737 -0.00608855
434 -0.00226109 -0.00197544 -0.00284606 -0.00213717 -0.00186363 -0.0110431 0.00159349 0.0044493 -0.00645938
435 -0.00237188 -0.00204723 -0.00282381 -0.00213385 -0.00188389 -0.0112687 0.00158565 0.00433095 -0.00659921
436 -0.00246693 -0.00211207 -0.00279199 -0.0021651 -0.00188092 -0.011586 0.00165529 0.00415599 -0.00679409
437 -0.00255456 -0.00217038 -0.00278069 -0.00215513 -0.00188778 -0.0116635 0.0016267 0.00403474 -0.00690217
438 -0.00260723 -0.00220896 -0.00274471 -0.00216337 -0.00191631 -0.0118108 0.00164841 0.00384594 -0.00692999
439 -0.00265938 -0.00221269 -0.00272917 -0.00209463 -0.00188859 -0.0119558 0.00172946 0.00386785 -0.00711143
440 -0.00272546 -0.00228217 -0.00268933 -0.00210926 -0.00191503 -0.0120867 0.00173486 0.00353797 -0.00706048
441 -0.00273726 -0.0023009 -0.00265062 -0.00208128 -0.00187008 -0.0120806 0.00181601 0.00343372 -0.00723246
442 -0.00274611 -0.00232479 -0.00264943 -0.00205601 -0.00190821 -0.0120586 0.00177973 0.00329026 -0.0071004
443 -0.0027699 -0.00233457 -0.00259322 -0.00205375 -0.00190871 -0.0120696 0.0018834 0.0030311 -0.0071755
444 -0.00278099 -0.00233942 -0.00255983 -0.00198915 -0.00189754 -0.0118264 0.00188446 0.00286228 -0.00720674
445 -0.00275246 -0.00237628 -0.00247929 -0.00196235 -0.00186882 -0.011845 0.00207247 0.00267515 -0.00724375
446 -0.00272175 -0.00235838 -0.0024546 -0.00192734 -0.00187774 -0.0117819 0.00207604 0.00246628 -0.00702077
447 -0.00271909 -0.00235219 -0.00240259 -0.00186195 -0.00187772 -0.0117539 0.00218365 0.00237162 -0.00707892
448 -0.00267917 -0.00233762 -0.00233828 -0.00182304 -0.00186747 -0.0115736 0.0022749 0.00205826 -0.00699445
449 -0.00263851 -0.00235025 -0.00229422 -0.00177057 -0.00189054 -0.0114995 0.00231772 0.00197317 -0.00685382
450 -0.00263747 -0.00233622 -0.00221263 -0.00174659 -0.00187489 -0.011346 0.0024254 0.00175878 -0.00695683
451 -0.00259694 -0.00235214 -0.00215901 -0.00171721 -0.00188421 -0.0112568 0.00259801 0.00143455 -0.00687314
452 -0.00255958 -0.00233662 -0.00209497 -0.00168097 -0.00186373 -0.01114 0.00269815 0.00128127 -0.00681816
453 -0.00253287 -0.00231275 -0.00204234 -0.00162826 -0.00186472 -0.0111359 0.0027326 0.00105277 -0.00666257
454 -0.00252726 -0.00229016 -0.00199774 -0.00162939 -0.00187616 -0.010892 0.00286706 0.000796588 -0.00676877
455 -0.00248723 -0.00229403 -0.00193467 -0.00161157 -0.00189266 -0.0108002 0.00295127 0.000376876 -0.00653877
456 -0.00247383 -0.00229726 -0.00190006 -0.00157381 -0.0018729 -0.0107455 0.00297606 0.00021324 -0.00642702
457 -0.00243197 -0.00226095 -0.00186407 -0.00156784 -0.00189514 -0.0106785 0.0030702 -5.5305e-05 -0.00625709
458 -0.00241406 -0.00223389 -0.00185251 -0.00155885 -0.00186527 -0.0105673 0.0030839 -9.4945e-05 -0.00624105
459 -0.00239722 -0.0022442 -0.0018086 -0.00156302 -0.00188088 -0.0105024 0.00321893 -0.000370861 -0.00621156
460 -0.00236969 -0.00219319 -0.00178445 -0.00155214 -0.00185235 -0.0103985 0.00321662 -0.000410068 -0.00609468
461 -0.00232418 -0.00217864 -0.00176992 -0.00153622 -0.00184137 -0.0102083 0.00332815 -0.000653563 -0.0060493
462 -0.00231475 -0.00215834 -0.0017589 -0.0015488 -0.00182387 -0.0100003 0.00338001 -0.000983082 -0.00596351
463 -0.00229639 -0.00212737 -0.00173187 -0.0015416 -0.00179756 -0.00966343 0.00344486 -0.00113584 -0.00612115
464 -0.00228027 -0.0021155 -0.00172509 -0.00153294 -0.0017842 -0.00966855 0.0034598 -0.00128532 -0.00598988
465 -0.00226987 -0.00210162 -0.0017125 -0.00154784 -0.00175815 -0.00959894 0.003591 -0.00149961 -0.00606667
466 -0.00225309 -0.00201268 -0.00171498 -0.00151157 -0.00170603 -0.00927214 0.00361015 -0.00161671 -0.00610055
467 -0.00222739 -0.00198107 -0.00171722 -0.00149386 -0.001699 -0.00909593 0.00367357 -0.00177187 -0.00613917
468 -0.00221882 -0.00196721 -0.00169663 -0.00152023 -0.00167326 -0.00885212 0.00377878 -0.00205674 -0.00617224
469 -0.00219889 -0.0018797 -0.00171285 -0.00151224 -0.00161618 -0.0086529 0.00376893 -0.0022488 -0.00614384
470 -0.00218161 -0.00187123 -0.00171142 -0.00149952 -0.00158902 -0.0083473 0.00386429 -0.00235208 -0.00633829
471 -0.00217659 -0.00178044 -0.00173056 -0.00150026 -0.0015519 -0.00816352 0.00389898 -0.0025268 -0.00634539
472 -0.00213955 -0.00175082 -0.00175066 -0.00150093 -0.00150813 -0.00791332 0.00393661 -0.002579 -0.0064621
473 -0.00209896 -0.00170226 -0.0017421 -0.00147776 -0.0014702 -0.00775687 0.00397536 -0.00261416 -0.00639553
474 -0.00212528 -0.00162761 -0.00177663 -0.0014781 -0.00143439 -0.00736506 0.00390953 -0.00296676 -0.00655186
475 -0.00209818 -0.00156993 -0.00182078 -0.0014571 -0.00139625 -0.00722411 0.00395595 -0.00289809 -0.00662834
476 -0.00205951 -0.00154524 -0.00182265 -0.00142886 -0.00136498 -0.00697538 0.00397619 -0.00286864 -0.00665815
477 -0.00208935 -0.001478 -0.00186876 -0.00144704 -0.00134327 -0.00677916 0.00393004 -0.00310016 -0.00674518
478 -0.00207043 -0.00144465 -0.0018908 -0.0014355 -0.00133375 -0.00656391 0.00389488 -0.00304467 -0.00679543
479 -0.00204379 -0.00139158 -0.00191404 -0.00142981 -0.0012906 -0.0064286 0.00392667 -0.00313703 -0.00684483
480 -0.00206033 -0.00134498 -0.00193587 -0.00141486 -0.00127328 -0.00630592 0.00384744 -0.00322158 -0.00680579
481 -0.00203597 -0.00129409 -0.00195317 -0.00141678 -0.00125893 -0.00611667 0.00381988 -0.00318804 -0.00683904
482 -0.00202945 -0.00124904 -0.00198469 -0.00138375 -0.00122667 -0.00602336 0.00375986 -0.00320418 -0.00687276
483 -0.00201764 -0.00121544 -0.00197069 -0.00140086 -0.00121545 -0.00583238 0.00372709 -0.0031881 -0.00691356
484 -0.00201906 -0.00118408 -0.0020192 -0.00138979 -0.00122849 -0.00576006 0.00360975 -0.00320503 -0.00682442
485 -0.0019954 -0.00115359 -0.00202871 -0.00138263 -0.00122683 -0.00567348 0.00356587 -0.00309004 -0.00687306
486 -0.00201647 -0.0011041 -0.00202838 -0.00139675 -0.00122422 -0.00555967 0.00346653 -0.00317765 -0.00682108
487 -0.00202541 -0.00107694 -0.00206464 -0.00138707 -0.00125838 -0.00538967 0.00332801 -0.00308832 -0.00681482
488 -0.00203332 -0.00107549 -0.00206888 -0.00140238 -0.00127725 -0.00549207 0.00323435 -0.00290489 -0.00676939
489 -0.00198222 -0.00102556 -0.00205142 -0.00138292 -0.00125732 -0.00537442 0.00320593 -0.00282158 -0.00675228
490 -0.00197183 -0.000995648 -0.00203578 -0.00138328 -0.00131011 -0.00533396 0.00314856 -0.00275373 -0.00672321
491 -0.00199594 -0.000987245 -0.00205619 -0.00140223 -0.00133175 -0.00518074 0.00295776 -0.00278786 -0.00665409
492 -0.00198823 -0.0010068 -0.00204347 -0.00136308 -0.00137515 -0.00524576 0.0028197 -0.00252086 -0.00648735
493 -0.00197646 -0.000966044 -0.00199197 -0.001361 -0.00141754 -0.00514846 0.00281467 -0.00235864 -0.00663896
494 -0.00201428 -0.000954253 -0.00197574 -0.00136068 -0.00143076 -0.00513629 0.00262843 -0.00218014 -0.0066874
495 -0.00196802 -0.000915046 -0.00190901 -0.00132875 -0.00145914 -0.00518218 0.00259915 -0.00198222 -0.00651197
496 -0.00197309 -0.000908678 -0.00186107 -0.00131221 -0.00148261 -0.00528582 0.00248573 -0.00167724 -0.00656551
497 -0.00195711 -0.000914939 -0.00182863 -0.00131676 -0.00153213 -0.00519646 0.00243257 -0.00144882 -0.00659774
498 -0.00198279 -0.000917641 -0.00175339 -0.00129827 -0.00159813 -0.00527486 0.00232137 -0.0011377 -0.00670388
499 -0.0019574 -0.000902169 -0.00168003 -0.00126831 -0.00161663 -0.00530314 0.0023663 -0.000898329 -0.00678768
500 -0.00195279 -0.000927285 -0.00161247 -0.00121728 -0.00162638 -0.00536942 0.00231337 -0.000660527 -0.00680659
501 -0.00195073 -0.000933477 -0.0015319 -0.00118552 -0.00169169 -0.00555349 0.00226078 -0.000247644 -0.00686052
502 -0.00198754 -0.000922058 -0.0014511 -0.00117316 -0.00169357 -0.00561696 0.00212185 3.18277e-05 -0.00697645
503 -0.00197833 -0.000947605 -0.00137066 -0.00115266 -0.00174278 -0.00573185 0.00217822 0.000180304 -0.00703519
504 -0.00199434 -0.000959001 -0.00129931 -0.00113743 -0.00174446 -0.00573221 0.00204296 0.000498343 -0.00715153
505 -0.00198077 -0.000956677 -0.00121076 -0.00110106 -0.00179668 -0.00589048 0.00202525 0.000900639 -0.00713355
506 -0.00198719 -0.000981357 -0.00114521 -0.0010986 -0.00182251 -0.00596672 0.0019457 0.0011814 -0.00722271
507 -0.0019978 -0.000961778 -0.00104673 -0.00109777 -0.00184054 -0.00591878 0.00196069 0.00135329 -0.00738532
508 -0.00202752 -0.000950247 -0.000988734 -0.00102131 -0.00187994 -0.00618168 0.00182292 0.0017674 -0.00740836
509 -0.00205329 -0.000953807 -0.000898685 -0.00100033 -0.00191055 -0.00633605 0.0018552 0.00205332 -0.00763125
510 -0.00204796 -0.000969827 -0.000824763 -0.00104742 -0.00193486 -0.00640431 0.00183852 0.00212365 -0.00757136
511 -0.00203792 -0.00101763 -0.000776974 -0.00101134 -0.00195989 -0.00650322 0.00179981 0.00256908 -0.00771169
512 -0.0020098 -0.000984874 -0.000662367 -0.000988871 -0.00196166 -0.00668223 0.00187608 0.00287764 -0.00777356
513 -0.00202788 -0.00103045 -0.000648898 -0.000985814 -0.0020074 -0.00676811 0.00174889 0.00312003 -0.0077681
514 -0.002051 -0.00100669 -0.000572437 -0.000965346 -0.00197834 -0.00693592 0.00175058 0.0034297 -0.00789477
515 -0.00202552 -0.00100293 -0.00051186 -0.000936462 -0.00200807 -0.00707005 0.00171987 0.00355601 -0.00780801
516 -0.00203491 -0.00104874 -0.00045893 -0.00097712 -0.00204852 -0.00702385 0.00172863 0.00374593 -0.0079657
517 -0.00203506 -0.00103638 -0.000411248 -0.000946297 -0.00202672 -0.00692543 0.00163406 0.00387145 -0.00799515
518 -0.00202768 -0.00104919 -0.000376923 -0.00093268 -0.00205115 -0.00704528 0.0016504 0.00399955 -0.00802606
519 -0.00202584 -0.00102438 -0.000324493 -0.000923866 -0.00201902 -0.00702224 0.00155202 0.00428182 -0.00801008
520 -0.00203136 -0.00106708 -0.000278511 -0.000947217 -0.00202293 -0.00710007 0.00155139 0.00431294 -0.00805424
521 -0.00205847 -0.00104802 -0.000209867 -0.00094539 -0.00199976 -0.00708892 0.0015618 0.00413769 -0.00802143
522 -0.00204272 -0.00104069 -0.000201653 -0.000916522 -0.00201528 -0.00707645 0.00155645 0.00412766 -0.00794466
523 -0.00206567 -0.00104418 -0.000139377 -0.000929049 -0.00196627 -0.00696542 0.00155073 0.00422317 -0.00815141
524 -0.0020862 -0.00102056 -0.000132952 -0.000942625 -0.00196695 -0.00683814 0.00144231 0.00403945 -0.00798938
525 -0.00205205 -0.00101796 -8.47113e-05 -0.000875539 -0.00193764 -0.00680222 0.00148986 0.00427297 -0.00808047
526 -0.00208672 -0.00104792 -7.06457e-05 -0.000873355 -0.00191647 -0.00665541 0.00134196 0.00399151 -0.00791196
527 -0.00208189 -0.00101482 -3.89294e-05 -0.000890181 -0.00187044 -0.00665776 0.00136703 0.00389603 -0.00782767
528 -0.00212835 -0.00102662 -3.20394e-05 -0.000887316 -0.00184534 -0.00661158 0.0013222 0.00355041 -0.00769368
529 -0.00213835 -0.00105237 -2.14235e-05 -0.000856135 -0.00180852 -0.00665228 0.00129418 0.00348861 -0.00759353
530 -0.00212862 -0.00105819 4.07759e-06 -0.000841354 -0.00176883 -0.00644596 0.0013263 0.00318062 -0.00751515
531 -0.00212754 -0.00107073 3.06599e-07 -0.000815396 -0.00174233 -0.00636917 0.0013129 0.00308676 -0.00748996
532 -0.00210572 -0.00103878 3.47535e-05 -0.000767596 -0.00164808 -0.0065983 0.00148624 0.00287004 -0.00727588
533 -0.0021277 -0.0010659 -9.73338e-06 -0.00075225 -0.00163319 -0.00657819 0.00138332 0.00264453 -0.00706254
534 -0.00216161 -0.00109369 -4.66735e-06 -0.000735958 -0.00161611 -0.00650752 0.00147173 0.00221498 -0.00704673
535 -0.00214542 -0.00109591 -2.14189e-05 -0.000707147 -0.00155243 -0.00663665 0.00151597 0.00204362 -0.00684138
536 -0.00216046 -0.00111581 -2.04958e-05 -0.000674269 -0.00151615 -0.00666251 0.00162691 0.00167545 -0.00667628
537 -0.00218546 -0.00116103 1.13455e-05 -0.000648763 -0.00144433 -0.00676096 0.00173388 0.00104715 -0.00650209
538 -0.00219152 -0.00118219 -3.43385e-05 -0.000614758 -0.00140612 -0.00689994 0.00175885 0.000909214 -0.0063766
539 -0.00220797 -0.00120435 -7.25762e-05 -0.000581982 -0.00133366 -0.00705608 0.00191 0.000351531 -0.00606065
540 -0.00223769 -0.0012588 -8.01454e-05 -0.00057056 -0.00126996 -0.0071353 0.0019728 -3.73626e-05 -0.00599371
541 -0.00229196 -0.00128168 -9.30118e-05 -0.000582332 -0.00127338 -0.00744401 0.00209652 -0.000629205 -0.00576812
542 -0.00231372 -0.00131799 -0.000121697 -0.000550178 -0.00118523 -0.00754722 0.0022567 -0.00121022 -0.00559025
543 -0.00234263 -0.00137154 -0.000158692 -0.000524815 -0.00113641 -0.00776284 0.00234529 -0.00159741 -0.00542498
544 -0.00235284 -0.0013861 -0.00019194 -0.00050869 -0.00109122 -0.00808494 0.00262194 -0.00205409 -0.00531361
545 -0.00237769 -0.00148617 -0.000226493 -0.000491169 -0.00106324 -0.00842978 0.00274735 -0.00234289 -0.00516161
546 -0.00242878 -0.00154138 -0.0002441 -0.000478299 -0.00104823 -0.00867138 0.00298396 -0.00275895 -0.00516956
547 -0.00249437 -0.00158236 -0.000300858 -0.000484591 -0.00103304 -0.0088934 0.00305724 -0.00324013 -0.00504728
548 -0.00251494 -0.00162664 -0.000308207 -0.000465372 -0.00102391 -0.00916319 0.00326268 -0.00351982 -0.00500822
549 -0.00257062 -0.00167603 -0.000372543 -0.000454309 -0.0010026 -0.00944176 0.00342307 -0.00387736 -0.00504797
550 -0.00262199 -0.00172356 -0.000388296 -0.000489422 -0.000973628 -0.00957552 0.00354598 -0.00422649 -0.00503924
551 -0.00265995 -0.00180387 -0.000433029 -0.000476269 -0.000986166 -0.00986812 0.00370585 -0.00448509 -0.00505784
552 -0.00270815 -0.00186843 -0.000489598 -0.000490867 -0.00098999 -0.0101705 0.00372898 -0.00461325 -0.00502891
553 -0.00277613 -0.00192672 -0.000546354 -0.000496041 -0.000961501 -0.0104711 0.0039056 -0.00485825 -0.00510263
554 -0.00281588 -0.00198254 -0.000574394 -0.000527753 -0.000962266 -0.010697 0.00398019 -0.00497914 -0.00509997
555 -0.00288289 -0.0020218 -0.000654606 -0.000511749 -0.000963318 -0.0109033 0.00395393 -0.00511801 -0.00514929
556 -0.00296216 -0.00210706 -0.000710922 -0.000501956 -0.000963928 -0.0112495 0.00393582 -0.00519853 -0.00508621
557 -0.00305416 -0.0021466 -0.000769394 -0.000524876 -0.000983199 -0.0113482 0.00393704 -0.00537683 -0.0052705
558 -0.00314069 -0.00220614 -0.000807376 -0.000548006 -0.000983582 -0.0115772 0.00401662 -0.00539167 -0.00551068
559 -0.00319178 -0.00228581 -0.000827779 -0.000578447 -0.000968491 -0.0119136 0.00412296 -0.00540993 -0.005604
560 -0.0032375 -0.00229316 -0.000907695 -0.000589107 -0.000946619 -0.0120571 0.00402075 -0.00525831 -0.00561524
561 -0.00329465 -0.0023689 -0.000977418 -0.000619454 -0.000997855 -0.0121391 0.00403136 -0.00513753 -0.00588826
562 -0.00339154 -0.00240835 -0.00104642 -0.000662524 -0.00099115 -0.0122518 0.00393859 -0.00529466 -0.00596006
563 -0.00346794 -0.00246036 -0.00108498 -0.00070915 -0.000993582 -0.0125525 0.00398382 -0.00512438 -0.00625693
564 -0.00354899 -0.00244466 -0.00114518 -0.000703768 -0.000985137 -0.012655 0.00374304 -0.00496818 -0.00625343
565 -0.00359333 -0.00251108 -0.00122902 -0.000724705 -0.000997919 -0.0127433 0.00365914 -0.0047473 -0.00639456
566 -0.00364229 -0.00257684 -0.00127177 -0.00077753 -0.00101031 -0.012806 0.0035942 -0.00438433 -0.00669779
567 -0.00373399 -0.00259634 -0.00133689 -0.000828658 -0.00101298 -0.0131245 0.00350646 -0.00436685 -0.00670099
568 -0.00376046 -0.00262103 -0.001397 -0.000827174 -0.00103733 -0.0128054 0.0033517 -0.0041001 -0.00699321
569 -0.00379887 -0.0026728 -0.00147506 -0.000855382 -0.00108661 -0.0128828 0.00322645 -0.00371249 -0.00706977
570 -0.00387411 -0.00268404 -0.00153725 -0.000905855 -0.00106715 -0.0128719 0.00306098 -0.00357886 -0.00724542
571 -0.00387359 -0.00271647 -0.00159412 -0.00093453 -0.00106768 -0.0128784 0.00290919 -0.00311871 -0.00728595
572 -0.00390586 -0.00273456 -0.0016563 -0.000976457 -0.00106013 -0.0127185 0.00272698 -0.00288338 -0.007415
573 -0.0039285 -0.00272467 -0.00168992 -0.0010061 -0.00106749 -0.0127237 0.00254603 -0.00247569 -0.00752461
574 -0.00398895 -0.00275007 -0.00172772 -0.00107247 -0.00107266 -0.0128048 0.0024681 -0.00218697 -0.0077009
575 -0.00398216 -0.00273622 -0.00172748 -0.00110282 -0.00103063 -0.0126583 0.00229721 -0.00181161 -0.00774355
576 -0.00399918 -0.00272634 -0.00176991 -0.00114018 -0.00102218 -0.0125052 0.00212096 -0.00165157 -0.0078012
577 -0.00397812 -0.0027056 -0.00180899 -0.00116596 -0.000974192 -0.0124321 0.00203597 -0.00125992 -0.00783314
578 -0.00396805 -0.00266064 -0.00182181 -0.00119331 -0.00102399 -0.0123872 0.0018142 -0.000851494 -0.00779792
579 -0.00395164 -0.00266725 -0.00181594 -0.00124333 -0.0010088 -0.0120735 0.00165795 -0.000588526 -0.00779724
580 -0.00393951 -0.00263953 -0.00182498 -0.0012531 -0.000967101 -0.0118883 0.0014093 -0.000331014 -0.00772019
581 -0.00387723 -0.00259766 -0.00184739 -0.00128155 -0.000944443 -0.0117373 0.00128532 6.91391e-05 -0.00763385
582 -0.0038447 -0.00254806 -0.00185363 -0.00131845 -0.000914882 -0.0113273 0.00104012 0.00029459 -0.00757545
583 -0.00378657 -0.0024877 -0.00185228 -0.00135476 -0.00085299 -0.0110536 0.000839716 0.000608823 -0.00740347
584 -0.00369166 -0.0024476 -0.00184512 -0.00138817 -0.000842132 -0.0106009 0.000717685 0.00102101 -0.0074542
585 -0.00360283 -0.00242247 -0.00184032 -0.00144941 -0.000873909 -0.0102824 0.000500789 0.00142771 -0.00717406
586 -0.00352611 -0.00229059 -0.00184346 -0.0014572 -0.000770387 -0.00989735 0.000314816 0.00162361 -0.0070412
587 -0.0034537 -0.00226246 -0.00184638 -0.00151517 -0.00076794 -0.00962816 0.00013261 0.00203959 -0.00692965
588 -0.00334652 -0.00225946 -0.00186213 -0.00156151 -0.000732018 -0.00916747 -6.41801e-05 0.00233423 -0.00668994
589 -0.00319196 -0.0021711 -0.00181031 -0.00154875 -0.000647795 -0.00877795 -0.000139395 0.00266061 -0.00641298
590 -0.00309091 -0.00213567 -0.00179385 -0.00158367 -0.000582645 -0.00839502 -0.000311938 0.00283304 -0.00625858
591 -0.00299881 -0.00211009 -0.00181093 -0.00161623 -0.000539953 -0.00824925 -0.000477329 0.00299836 -0.00584221
592 -0.00284686 -0.00202972 -0.00180586 -0.00162139 -0.000482772 -0.00760943 -0.000652864 0.00335729 -0.005641
593 -0.00273784 -0.00198815 -0.00178839 -0.00164361 -0.000431307 -0.00734545 -0.000759298 0.00350162 -0.00535312
594 -0.0026146 -0.00197048 -0.00177801 -0.00166222 -0.000389048 -0.0069033 -0.000849099 0.00361903 -0.00510845
595 -0.00245438 -0.00192188 -0.00177687 -0.00165063 -0.000347735 -0.00640449 -0.000993208 0.00382684 -0.00482452
596 -0.00234407 -0.00188626 -0.00175991 -0.00168949 -0.000299462 -0.006104 -0.00113924 0.0039039 -0.00439474
597 -0.00219791 -0.00187618 -0.00176219 -0.00172771 -0.000217299 -0.00572976 -0.00117346 0.0038308 -0.00410212
598 -0.00211189 -0.00186898 -0.00175477 -0.00169069 -0.000158776 -0.00542863 -0.00135573 0.00388492 -0.00366979
599 -0.00192748 -0.00186195 -0.00174127 -0.00168044 -0.000113165 -0.0051 -0.00124304 0.00411469 -0.00342304
600 -0.00181833 -0.00183296 -0.00170415 -0.00170621 -2.39305e-05 -0.00454147 -0.00141046 0.00385407 -0.00303821
601 -0.00172207 -0.00184049 -0.00171019 -0.00172338 -6.1821e-06 -0.0042929 -0.00138735 0.00363208 -0.00272558
602 -0.00162225 -0.00184699 -0.00170416 -0.00170325 2.56371e-05 -0.00413406 -0.00152165 0.00356877 -0.00226333
603 -0.00147167 -0.00182231 -0.00169598 -0.00164041 0.000115454 -0.00373924 -0.00147352 0.00362626 -0.00205676
604 -0.00137206 -0.00181372 -0.00164692 -0.00167348 0.000177592 -0.0036116 -0.0014812 0.00335646 -0.00166493
605 -0.00126866 -0.00180137 -0.00166194 -0.00166686 0.000218576 -0.00350672 -0.00148268 0.00313081 -0.0011795
606 -0.0011703 -0.00181631 -0.00163789 -0.00164526 0.000257831 -0.00309559 -0.00145128 0.00297961 -0.00103849
607 -0.00108849 -0.00179688 -0.00164281 -0.00160541 0.000323667 -0.00293879 -0.00155798 0.00295112 -0.000666734
608 -0.000950928 -0.00184283 -0.0015787 -0.00159905 0.000352801 -0.00267798 -0.00138194 0.00280718 -0.000564514
609 -0.00086863 -0.00180971 -0.00164534 -0.00151825 0.000376769 -0.00268892 -0.00156706 0.00282857 -1.63507e-06
610 -0.000796156 -0.00185762 -0.0016282 -0.00149589 0.000401043 -0.00256509 -0.00146021 0.00255977 0.000109979
611 -0.000698184 -0.00187315 -0.00161142 -0.00147013 0.000390491 -0.00243982 -0.00141095 0.00244783 0.000365775
612 -0.000614066 -0.00190272 -0.00160388 -0.00142441 0.000384175 -0.00264771 -0.00137178 0.00248066 0.000655851
613 -0.000597085 -0.00190109 -0.00159918 -0.00138776 0.000425885 -0.00267884 -0.00134288 0.00243738 0.000793902
614 -0.000565158 -0.00190607 -0.00162553 -0.00135397 0.000418823 -0.00266017 -0.00137562 0.00253072 0.000825163
615 -0.000463489 -0.00194504 -0.00159525 -0.00127872 0.000396932 -0.00283645 -0.00118156 0.00256204 0.00100489
616 -0.000460013 -0.0019682 -0.00161393 -0.00123817 0.000393015 -0.00266081 -0.00111778 0.00239833 0.000935031
617 -0.000418078 -0.00196364 -0.00164133 -0.00121253 0.000376976 -0.0027116 -0.00108541 0.00237596 0.00102173
618 -0.000451921 -0.00202159 -0.00164883 -0.00119129 0.000312969 -0.00281274 -0.00107807 0.00232377 0.000932939
619 -0.000439708 -0.00203052 -0.00167496 -0.00113783 0.000284569 -0.0030686 -0.00101765 0.00239104 0.000886426
620 -0.000448225 -0.00205955 -0.00168894 -0.00109521 0.00025286 -0.00308947 -0.000963276 0.00222388 0.000969085
621 -0.000512502 -0.002117 -0.00170692 -0.00107179 0.000207039 -0.00327293 -0.00097419 0.00227257 0.000740911
622 -0.000527597 -0.00218123 -0.00180274 -0.0010086 0.000138588 -0.0035038 -0.000986189 0.00241666 0.000703933
623 -0.000574243 -0.00216711 -0.00181064 -0.00100996 9.76265e-05 -0.00324678 -0.000856681 0.00225295 0.000266354
624 -0.000633835 -0.00220365 -0.00187192 -0.000949339 4.05377e-05 -0.00339683 -0.000834617 0.00231641 -6.0503e-05
625 -0.000665159 -0.00223774 -0.00187338 -0.000937013 -1.63523e-05 -0.00345327 -0.000679908 0.00217714 -0.000290772
626 -0.000759592 -0.00227309 -0.00197567 -0.000888323 -7.53349e-05 -0.00364015 -0.000705474 0.00235333 -0.000535997
627 -0.000794253 -0.00230256 -0.00201005 -0.000854479 -0.000167471 -0.00368914 -0.000628798 0.00238894 -0.000884336
628 -0.000889819 -0.00234137 -0.0020886 -0.000787629 -0.000277514 -0.00367823 -0.000581233 0.00249312 -0.00137457
629 -0.000977904 -0.00236395 -0.00215639 -0.000765032 -0.000323114 -0.00377519 -0.000563169 0.00265465 -0.00177659
630 -0.00108761 -0.00244372 -0.00219665 -0.000792211 -0.000417458 -0.00368403 -0.000530595 0.00240851 -0.00221378
631 -0.00114406 -0.00247151 -0.00224786 -0.000738167 -0.000506763 -0.0039927 -0.000437327 0.00274706 -0.00261128
632 -0.00122337 -0.00250476 -0.00229058 -0.000708604 -0.00056243 -0.003973 -0.000406291 0.00303312 -0.00316851
633 -0.00131285 -0.00257079 -0.00236203 -0.000665602 -0.000685344 -0.00414278 -0.000469505 0.00326672 -0.00344599
634 -0.00141617 -0.00260678 -0.00233735 -0.000673762 -0.00075975 -0.00415171 -0.000394545 0.00318646 -0.00397546
635 -0.00153076 -0.00262891 -0.00239943 -0.000647424 -0.00086182 -0.00428284 -0.00041594 0.00345138 -0.00445671
636 -0.00161858 -0.00270665 -0.00245383 -0.000657282 -0.000913889 -0.00424702 -0.00052892 0.00366389 -0.00479078
637 -0.00166658 -0.00274126 -0.00242688 -0.000641909 -0.000967746 -0.00420084 -0.000362603 0.0040549 -0.00555144
638 -0.00178796 -0.00278443 -0.00246022 -0.00062352 -0.0010596 -0.00427338 -0.000452189 0.00426675 -0.00595514
639 -0.00188485 -0.00278253 -0.0025069 -0.000647952 -0.00108785 -0.00430987 -0.00053048 0.00450743 -0.00634289
640 -0.00202714 -0.00278389 -0.00249743 -0.000653594 -0.00112889 -0.00454308 -0.000599652 0.0047169 -0.00681614
641 -0.00209844 -0.00282418 -0.00247252 -0.000712012 -0.00123916 -0.00457646 -0.000481424 0.00498505 -0.00731247
642 -0.00216347 -0.00280645 -0.00247502 -0.00069045 -0.00125562 -0.00450632 -0.000560273 0.00541047 -0.00771855
643 -0.00228418 -0.00281305 -0.00245342 -0.000745349 -0.00129107 -0.00455625 -0.000703069 0.00553693 -0.00798455
644 -0.00234076 -0.00278129 -0.00243875 -0.00075034 -0.00135629 -0.00448945 -0.000661642 0.00573007 -0.00842787
645 -0.00239086 -0.00281126 -0.00242819 -0.000830778 -0.00138077 -0.00468136 -0.000794686 0.0062759 -0.00862322
646 -0.00248279 -0.00277173 -0.00237902 -0.000867075 -0.00140142 -0.00461881 -0.000871061 0.00644529 -0.00899329
647 -0.00255637 -0.00275067 -0.00234661 -0.000883877 -0.00146536 -0.00455273 -0.00094493 0.0068603 -0.00940644
648 -0.002636 -0.00275611 -0.00230105 -0.000957409 -0.00148769 -0.00451065 -0.00106132 0.00696766 -0.00963181
649 -0.00269577 -0.00274627 -0.00227752 -0.00101508 -0.00153505 -0.00435996 -0.00127436 0.00746084 -0.0100619
650 -0.00274295 -0.00268411 -0.002312 -0.00108206 -0.001563 -0.00407772 -0.00148009 0.00773747 -0.0102274
651 -0.00283252 -0.00264143 -0.00227797 -0.00112836 -0.00159825 -0.00405209 -0.00164477 0.00801641 -0.0105512
652 -0.00287146 -0.00261317 -0.00222461 -0.00118649 -0.00160092 -0.00380621 -0.00179229 0.00823424 -0.0107766
653 -0.00291147 -0.0025737 -0.0022188 -0.00121365 -0.00162738 -0.00372078 -0.00189456 0.00873736 -0.0111389
654 -0.00299848 -0.00257062 -0.00221889 -0.00134068 -0.001631 -0.00354547 -0.00219822 0.00869353 -0.0111527
655 -0.00307079 -0.00249975 -0.0021876 -0.00135916 -0.00166978 -0.00337232 -0.00244672 0.00901868 -0.0113892
656 -0.00308749 -0.00252144 -0.00220625 -0.00140368 -0.00166478 -0.00300248 -0.00268388 0.00936271 -0.0116884
657 -0.0031139 -0.00246677 -0.00216956 -0.00143829 -0.00161059 -0.00308843 -0.00299952 0.00983812 -0.0115911
658 -0.00310124 -0.00238905 -0.0021214 -0.00149368 -0.00159634 -0.00293205 -0.00310985 0.00996474 -0.0115688
659 -0.00316567 -0.00237681 -0.00210581 -0.00152022 -0.0016375 -0.00286999 -0.00319798 0.0101116 -0.0117944
660 -0.00317178 -0.00233781 -0.00206504 -0.00160383 -0.00164876 -0.00251213 -0.00338267 0.0101089 -0.0118188
661 -0.00311147 -0.0023115 -0.0020549 -0.00160532 -0.00159037 -0.00251416 -0.00358247 0.0106209 -0.0117596
662 -0.00317413 -0.0022509 -0.00200243 -0.00166737 -0.0015938 -0.00240019 -0.00382327 0.0103873 -0.0116552
663 -0.00312816 -0.00222296 -0.00194881 -0.00163182 -0.00159201 -0.0022933 -0.00399819 0.0107664 -0.0114508
664 -0.00310957 -0.002125 -0.00191275 -0.00163959 -0.0015261 -0.00198416 -0.00424158 0.0107848 -0.0114246
665 -0.00307669 -0.00209831 -0.00182331 -0.00170037 -0.00153195 -0.00188748 -0.0045183 0.0110286 -0.011153
666 -0.00304674 -0.00202384 -0.00174211 -0.00171137 -0.00152907 -0.00186113 -0.0045947 0.0109373 -0.0109513
667 -0.00302266 -0.00203493 -0.00171012 -0.00176741 -0.00152667 -0.00145118 -0.0047856 0.0109813 -0.0108947
668 -0.00298907 -0.00198553 -0.00161593 -0.00176543 -0.0015702 -0.0014198 -0.00490763 0.0108802 -0.0106398
669 -0.00293569 -0.00189259 -0.00152485 -0.001814 -0.00151457 -0.00139515 -0.00509025 0.0107894 -0.0101996
670 -0.00289123 -0.00188351 -0.00138819 -0.00187809 -0.00149386 -0.00113088 -0.00516067 0.0108496 -0.0101212
671 -0.00284275 -0.00182938 -0.00129094 -0.00188102 -0.00153166 -0.00104941 -0.0051658 0.0108016 -0.00992076
672 -0.00282034 -0.00176337 -0.0011881 -0.00190715 -0.00151726 -0.000862473 -0.00526324 0.0105136 -0.0097421
673 -0.00273274 -0.00169931 -0.000998211 -0.00194121 -0.00147085 -0.000676461 -0.00509202 0.0103422 -0.00963594
674 -0.00270546 -0.00162267 -0.00091485 -0.00195576 -0.00151227 -0.000590591 -0.00532988 0.0101884 -0.00915376
675 -0.00265874 -0.00154582 -0.000763856 -0.00195661 -0.00148384 -0.000446852 -0.00518548 0.00990343 -0.00904168
676 -0.00258496 -0.00150908 -0.000639647 -0.00191914 -0.00151559 -0.000462664 -0.00526388 0.00982784 -0.0086313
677 -0.00243686 -0.00140848 -0.000538253 -0.00193525 -0.00153483 -0.000171491 -0.00495416 0.00975001 -0.00859999
678 -0.002361 -0.00129877 -0.000370822 -0.00196538 -0.00148768 9.38855e-05 -0.00487963 0.00938777 -0.00838343
679 -0.00226916 -0.00126423 -0.000283383 -0.00196841 -0.0015369 0.000382407 -0.00468274 0.00892865 -0.0082063
680 -0.00218409 -0.00118468 -0.00010982 -0.00203304 -0.00148664 0.000576282 -0.00448677 0.00857442 -0.00795474
681 -0.00207017 -0.00109447 1.43443e-06 -0.00203292 -0.0015194 0.000491888 -0.00406474 0.00847733 -0.00788521
682 -0.00198597 -0.00100709 0.000127369 -0.00206275 -0.00149305 0.00093992 -0.00395077 0.00795715 -0.00764878
683 -0.00189472 -0.000905833 0.000227547 -0.00209119 -0.00151489 0.00102043 -0.00364653 0.00739364 -0.00746522
684 -0.00181486 -0.000859851 0.000345254 -0.00211678 -0.00153977 0.00101028 -0.00339291 0.00706501 -0.00713142
685 -0.00171816 -0.000803529 0.000420837 -0.00217373 -0.00153139 0.00130609 -0.00312734 0.00670726 -0.00712544
686 -0.00167265 -0.00071925 0.000517552 -0.00222924 -0.0015248 0.000991584 -0.00276364 0.00613299 -0.00680699
687 -0.00158998 -0.000711372 0.0006247 -0.00235844 -0.00151574 0.00112554 -0.00246859 0.00564188 -0.00668094
688 -0.0015366 -0.00062685 0.0006613 -0.00236013 -0.00152465 0.000982947 -0.00224626 0.00536149 -0.00637546
689 -0.00147102 -0.000534766 0.000729887 -0.00243249 -0.00151494 0.000954651 -0.00188154 0.00484519 -0.00633252
690 -0.00140802 -0.00049072 0.000796255 -0.00252045 -0.00152316 0.000858527 -0.00151002 0.00412935 -0.0060258
691 -0.00130851 -0.000473741 0.000786067 -0.00254119 -0.0015386 0.000458508 -0.00100807 0.0039123 -0.00592177
692 -0.00133999 -0.000459759 0.000820489 -0.00263774 -0.00154871 0.000198495 -0.000720214 0.00320678 -0.00580503
693 -0.00127584 -0.000439298 0.000827857 -0.00271268 -0.00157194 -0.000143833 -0.000289657 0.0027768 -0.00565835
694 -0.0012391 -0.000416281 0.000852725 -0.00280164 -0.00158437 -0.00036068 0.000136618 0.00201753 -0.005474
695 -0.00119276 -0.000416516 0.000825129 -0.00285641 -0.00155584 -0.00055492 0.000559201 0.00157129 -0.00531307
696 -0.00121573 -0.000426921 0.000792538 -0.00294306 -0.00160834 -0.000901076 0.000952047 0.000812301 -0.0052548
697 -0.00116818 -0.000385673 0.000731228 -0.00295949 -0.00159298 -0.00120935 0.00137415 0.000381495 -0.00516257
698 -0.00115215 -0.000413658 0.000670959 -0.0029764 -0.00165247 -0.00158609 0.00183941 -0.000306644 -0.00498293
699 -0.00113609 -0.000453323 0.000620028 -0.00306729 -0.00162121 -0.00173846 0.00222036 -0.000666464 -0.00508565
700 -0.00116108 -0.000477992 0.000488998 -0.00315484 -0.00169859 -0.00243598 0.00245879 -0.00131452 -0.00462281
701 -0.00115694 -0.000550966 0.000444179 -0.0031157 -0.00166459 -0.00290073 0.00299093 -0.00174513 -0.00451608
702 -0.00120411 -0.000686681 0.000342839 -0.00318444 -0.00174455 -0.00325793 0.00347094 -0.00264888 -0.0046428
703 -0.00121663 -0.000733331 0.000228519 -0.00323126 -0.0016502 -0.00373817 0.00374245 -0.00320393 -0.00425675
704 -0.00124347 -0.00085155 0.000103909 -0.00324131 -0.00171527 -0.00408196 0.00424881 -0.00360992 -0.00459239
705 -0.00131445 -0.00102592 -7.29652e-05 -0.00326118 -0.00174123 -0.0049576 0.00466524 -0.00409446 -0.00452891
706 -0.00137649 -0.00113125 -0.000248112 -0.0033207 -0.00177712 -0.00529356 0.00503279 -0.00492283 -0.00452032
707 -0.00147466 -0.00129103 -0.000426294 -0.00341499 -0.00179576 -0.00622748 0.00569627 -0.00562125 -0.00466471
708 -0.00158 -0.00147031 -0.000669349 -0.00342792 -0.00181419 -0.00700952 0.00617229 -0.00621074 -0.00472441
709 -0.00169168 -0.00167747 -0.000894392 -0.00350243 -0.00185172 -0.00753678 0.0066344 -0.0069672 -0.00505895
710 -0.00173704 -0.00180201 -0.00114677 -0.00354749 -0.00195262 -0.00870207 0.00703884 -0.007136 -0.00481319
711 -0.0018675 -0.00207303 -0.0013821 -0.00364057 -0.00202929 -0.00958588 0.00786861 -0.00819352 -0.00519382
712 -0.00198959 -0.00220121 -0.00159138 -0.00371584 -0.00206057 -0.0103895 0.00853853 -0.00894758 -0.00552407
713 -0.00214389 -0.00246552 -0.00188384 -0.00378582 -0.0021882 -0.0114449 0.00902601 -0.00961483 -0.00575795
714 -0.0022604 -0.00267231 -0.00217452 -0.00384035 -0.0022244 -0.0128367 0.00980742 -0.0100083 -0.00607053
715 -0.00245927 -0.00288588 -0.00248125 -0.00386113 -0.00235501 -0.0139806 0.0103992 -0.0107504 -0.00637996
716 -0.00252074 -0.00313815 -0.00279196 -0.003959 -0.00249682 -0.015079 0.01121 -0.0110701 -0.00692382
717 -0.00273097 -0.00338864 -0.00316788 -0.00410371 -0.00260733 -0.0163 0.011829 -0.0117667 -0.00730262
718 -0.00289361 -0.00362726 -0.00349696 -0.00412165 -0.0027221 -0.017373 0.0126099 -0.0120129 -0.00801067
719 -0.00305671 -0.00389603 -0.00389835 -0.0042782 -0.00289199 -0.0187487 0.0133155 -0.0126819 -0.00849309
720 -0.00318564 -0.00407212 -0.00421909 -0.00432258 -0.00305657 -0.0200162 0.0140832 -0.0125336 -0.00911919
721 -0.00343307 -0.00433566 -0.00468913 -0.00446384 -0.00321258 -0.0211789 0.0144769 -0.0131911 -0.00958253
722 -0.00358238 -0.00460261 -0.00503765 -0.00450253 -0.00329652 -0.0223173 0.015172 -0.0131928 -0.0102004
723 -0.00373714 -0.00486963 -0.00541029 -0.00462394 -0.00349308 -0.0234203 0.0159127 -0.0135525 -0.0109892
724 -0.0039119 -0.00512694 -0.00585697 -0.00470574 -0.00370284 -0.0240745 0.0163797 -0.013932 -0.011732
725 -0.00407432 -0.00528803 -0.00624087 -0.00481031 -0.00373496 -0.0251782 0.0169123 -0.0140581 -0.0122597
726 -0.00427307 -0.00557202 -0.00669904 -0.00486422 -0.00395159 -0.0262253 0.0171768 -0.0138094 -0.0128114
727 -0.00442506 -0.00574402 -0.00711687 -0.00499217 -0.00410945 -0.0269675 0.0176357 -0.0137115 -0.0137867
728 -0.00461118 -0.00587692 -0.00760578 -0.00509229 -0.00422486 -0.0270489 0.0179873 -0.0140813 -0.0147953
729 -0.00477479 -0.00613472 -0.00799285 -0.00519375 -0.00442942 -0.0274548 0.0182059 -0.0140754 -0.0155779
730 -0.00489627 -0.0061919 -0.00843722 -0.00521389 -0.00459083 -0.0284387 0.0184717 -0.0137199 -0.0161495
731 -0.00499191 -0.00625067 -0.00881912 -0.00525225 -0.00461447 -0.0278786 0.0187634 -0.0135707 -0.0175109
732 -0.00511188 -0.00636714 -0.00930864 -0.00532874 -0.00480695 -0.0282452 0.0188448 -0.0133005 -0.0180283
733 -0.00510494 -0.0064179 -0.00979586 -0.00535737 -0.00496331 -0.0279595 0.0188229 -0.0124329 -0.018849
734 -0.00509009 -0.00649269 -0.0102442 -0.00544365 -0.00503277 -0.0272049 0.0185934 -0.0118048 -0.0195596
735 -0.00495373 -0.00637108 -0.010644 -0.00545097 -0.00508066 -0.0264883 0.0185044 -0.0106379 -0.0203175
736 -0.00492218 -0.00631423 -0.0110236 -0.00541544 -0.00515578 -0.0252017 0.018229 -0.00994347 -0.0212635
737 -0.00480562 -0.00624125 -0.0114468 -0.0053669 -0.00527591 -0.0239498 0.0177321 -0.00880874 -0.0218099
738 -0.00458557 -0.00601069 -0.0117758 -0.00529953 -0.00531009 -0.0219859 0.0172222 -0.00778937 -0.0225455
739 -0.00438864 -0.00590338 -0.0122212 -0.00524359 -0.00529406 -0.0199013 0.0165143 -0.00689984 -0.0229171
740 -0.00412335 -0.00559931 -0.0125245 -0.00518706 -0.00516934 -0.017858 0.0157502 -0.00546279 -0.023283
741 -0.00379793 -0.00529819 -0.0127805 -0.00508865 -0.00523725 -0.0152227 0.0149574 -0.00471803 -0.0234188
742 -0.00332883 -0.00494835 -0.012984 -0.00486265 -0.00521079 -0.0121327 0.0141639 -0.00317618 -0.0236802
743 -0.00277945 -0.00457129 -0.0132977 -0.00468308 -0.00504043 -0.00846349 0.0128147 -0.00169231 -0.0232461
744 -0.00218139 -0.00395753 -0.0133918 -0.00442433 -0.00482702 -0.00456218 0.0117006 -0.000653952 -0.023061
745 -0.00152861 -0.00342069 -0.0135182 -0.00411698 -0.0046418 -0.000447222 0.0101508 0.000924271 -0.0224105
746 -0.000773627 -0.0027108 -0.0135644 -0.00376278 -0.00440789 0.00517625 0.00824059 0.00190064 -0.0214747
747 0.000139905 -0.00202412 -0.0135661 -0.0033757 -0.0040709 0.0104141 0.0064732 0.00324027 -0.0202071
748 0.0011054 -0.00124713 -0.0134176 -0.00289849 -0.00370872 0.0166771 0.00446309 0.00438833 -0.018878
749 0.00219838 -0.000327968 -0.0132583 -0.00230812 -0.00326322 0.0234833 0.00214564 0.0055638 -0.017321
750 0.00341014 0.000609483 -0.0129491 -0.0016699 -0.00274923 0.0303048 -0.000222805 0.00673019 -0.0149649
751 0.00480622 0.00170732 -0.0125993 -0.000939241 -0.00216031 0.0383759 -0.002901 0.00777739 -0.0124981
752 0.00632719 0.00296956 -0.0120964 -7.2752e-05 -0.00139025 0.0466313 -0.00577646 0.00884366 -0.00930178
753 0.00804586 0.00431125 -0.0114358 0.00083098 -0.000632298 0.0561472 -0.0089977 0.00992393 -0.00567935
754 0.00983646 0.00586322 -0.0106103 0.001897 0.000345492 0.0657446 -0.0120581 0.0106401 -0.00198094
755 0.0118647 0.0074992 -0.00966305 0.00303354 0.00138566 0.0770375 -0.0154571 0.0112118 0.00229681
756 0.0141582 0.0091934 -0.00846352 0.00425167 0.00245617 0.0888852 -0.0191488 0.0113552 0.00768505
757 0.0166528 0.0110639 -0.00704124 0.00560901 0.00370467 0.10152 -0.0227541 0.0114728 0.01325
758 0.0192243 0.0131585 -0.00543252 0.007092 0.0051295 0.114261 -0.0267977 0.0112109 0.0198242
759 0.0220933 0.015489 -0.00354074 0.00879963 0.00674452 0.128645 -0.0313019 0.0110108 0.0271342
760 0.0251818 0.0177925 -0.00132133 0.0105842 0.0084457 0.143281 -0.0356253 0.0103545 0.0350985
761 0.0284852 0.0203421 0.00111463 0.0125626 0.0103013 0.158792 -0.0400117 0.00880128 0.043923
762 0.0321319 0.0231518 0.00399783 0.014664 0.0124751 0.175206 -0.044707 0.00719062 0.054108
763 0.0360279 0.0261366 0.00722197 0.0169157 0.0148199 0.192165 -0.049221 0.0047069 0.064807
764 0.0401294 0.0293386 0.0108101 0.0194959 0.0173074 0.209964 -0.0540765 0.00251987 0.0764962
765 0.0445579 0.0327899 0.0148092 0.0221181 0.0201178 0.228403 -0.0586888 -0.000828434 0.0891652
766 0.0492235 0.0364435 0.0192898 0.0251595 0.0230264 0.247332 -0.0634106 -0.00450316 0.102645
767 0.0542447 0.0403357 0.0243431 0.028428 0.0263275 0.266773 -0.0680221 -0.0086759 0.117525
768 0.0594611 0.0445806 0.0297271 0.031957 0.0298916 0.286325 -0.0728981 -0.0139776 0.133959
769 0.0649757 0.0490297 0.0357999 0.0355737 0.0336969 0.307244 -0.0774425 -0.0198993 0.150755
770 0.0708829 0.0538198 0.0423821 0.0396587 0.0378733 0.327599 -0.0816423 -0.0257934 0.168813
771 0.0770418 0.0588399 0.0495968 0.0441041 0.0423625 0.348841 -0.0854975 -0.032901 0.187712
772 0.0835499 0.0641998 0.057547 0.0487538 0.0471616 0.37021 -0.0890734 -0.0413461 0.207981
773 0.0903246 0.0700402 0.065927 0.0539914 0.0523722 0.391459 -0.0926305 -0.0501567 0.229711
774 0.0974171 0.076278 0.0751355 0.0593846 0.0580809 0.412848 -0.0952221 -0.0603988 0.252461
775 0.104754 0.0826453 0.0850212 0.065308 0.0640623 0.434236 -0.0975614 -0.0708608 0.275732
776 0.112539 0.0895378 0.0955964 0.0717283 0.0704627 0.455172 -0.0990442 -0.0820628 0.300353
777 0.120557 0.0966354 0.106889 0.0785463 0.0774978 0.4761 -0.0998586 -0.0948888 0.325803
778 0.128926 0.104439 0.118836 0.0859891 0.0849933 0.496283 -0.0997781 -0.108031 0.352078
779 0.137469 0.112505 0.131618 0.0938783 0.0929297 0.516718 -0.0990083 -0.122357 0.37904
780 0.146487 0.121164 0.145055 0.102392 0.101403 0.536843 -0.096692 -0.137486 0.406156
781 0.155689 0.130296 0.159065 0.111685 0.110485 0.555942 -0.0940543 -0.152564 0.434462
782 0.165166 0.139676 0.173858 0.121415 0.119962 0.574974 -0.0896541 -0.169212 0.462503
783 0.174853 0.149689 0.189365 0.131789 0.13029 0.593534 -0.0845978 -0.186049 0.490969
784 0.184924 0.160187 0.205317 0.142819 0.140841 0.611717 -0.0779187 -0.203587 0.519569
785 0.195174 0.17111 0.221786 0.154565 0.151969 0.629789 -0.0698582 -0.221565 0.547124
786 0.205424 0.182415 0.238739 0.166972 0.163596 0.646981 -0.0607964 -0.241253 0.575187
787 0.216207 0.194392 0.255997 0.179635 0.175909 0.664071 -0.0499529 -0.26098 0.603182
788 0.227214 0.206471 0.273687 0.193086 0.18821 0.681088 -0.0372825 -0.280529 0.629488
789 0.238355 0.219225 0.291104 0.206728 0.201238 0.698071 -0.0242869 -0.300395 0.655835
790 0.249742 0.231965 0.308727 0.220783 0.213919 0.715616 -0.00942733 -0.320384 0.680776
791 0.261175 0.245404 0.32614 0.234633 0.227174 0.734017 0.00566172 -0.340554 0.705007
792 0.273222 0.258158 0.342762 0.248779 0.239567 0.751559 0.0223167 -0.357394 0.727929
793 0.285699 0.271216 0.358997 0.263394 0.252121 0.769742 0.0397008 -0.372217 0.749603
794 0.298543 0.28405 0.374226 0.277996 0.264 0.78682 0.0572429 -0.381078 0.769554
795 0.311843 0.296346 0.388671 0.293224 0.275118 0.800973 0.0761832 -0.384414 0.78792
796 0.325347 0.308195 0.402255 0.308816 0.285699 0.812176 0.0947682 -0.381937 0.806392
797 0.338956 0.31804 0.41382 0.324293 0.294903 0.821128 0.111771 -0.373658 0.823819
798 0.352138 0.327957 0.424056 0.340048 0.303971 0.828523 0.126518 -0.360309 0.839835
799 -nan -nan -nan -nan -nan -nan -nan -nan -nan
