0   0.0651444   0.311733   0.311678  0.311444 0.0731667 0.0731333 0.0742333 
1   0.113022   0.295644   0.295222  0.296111 0.0728899 0.076147 0.072244 
2   0.147767   0.285856   0.282922  0.283456 0.0680998 0.076289 0.0766229 
3   0.173122   0.278078   0.273189  0.275611 0.0705096 0.0756784 0.071773 
4   0.190667   0.273133   0.266  0.2702 0.0708035 0.075121 0.0722032 
5   0.204544   0.269722   0.259222  0.266511 0.0698885 0.0784879 0.0701949 
6   0.214989   0.265611   0.254833  0.264567 0.0722966 0.0764681 0.0678729 
7   0.223167   0.263333   0.2501  0.2634 0.0714077 0.0767822 0.0692117 
8   0.226844   0.262378   0.247444  0.263333 0.0692405 0.0748145 0.0675778 
9   0.228911   0.262144   0.245211  0.263733 0.0675023 0.0726089 0.0655696 
10   0.231322   0.261833   0.242333  0.264511 0.0687916 0.0753546 0.0664392 
11   0.231933   0.261956   0.241078  0.265033 0.068449 0.0724897 0.0667899 
12   0.235511   0.260656   0.237956  0.265878 0.0714286 0.0788127 0.0648556 
13   0.238167   0.259211   0.236278  0.266344 0.0726374 0.0720022 0.0691629 
14   0.239789   0.257878   0.234322  0.268011 0.0728278 0.0758523 0.0647866 
15   0.239489   0.2578   0.233322  0.269389 0.068077 0.0728816 0.0662908 
16   0.240144   0.257033   0.232356  0.270467 0.0699509 0.0720511 0.0632708 
17   0.239933   0.256   0.232711  0.271356 0.0714564 0.0721117 0.0670446 
18   0.239722   0.255611   0.232011  0.272656 0.0701389 0.0695665 0.064532 
19   0.239422   0.255711   0.231033  0.273833 0.0672897 0.072985 0.0646726 
20   0.237844   0.256167   0.230844  0.275144 0.0701312 0.069735 0.062609 
21   0.235811   0.255744   0.231444  0.277 0.0725656 0.0687813 0.0629972 
22   0.235678   0.255544   0.230467  0.278311 0.0691663 0.0720115 0.0647012 
23   0.234178   0.254333   0.229967  0.281522 0.0714379 0.0688458 0.0587272 
24   0.233689   0.253322   0.227811  0.285178 0.0708606 0.0727642 0.0595572 
25   0.234522   0.251533   0.227144  0.2868 0.07224 0.0676974 0.0596509 
26   0.236322   0.248389   0.226589  0.2887 0.0755367 0.0695593 0.0615218 
27   0.2359   0.246733   0.226567  0.2908 0.0741669 0.063306 0.0606935 
28   0.235689   0.244067   0.226489  0.293756 0.0751599 0.0675298 0.0591854 
29   0.233   0.242378   0.2277  0.296922 0.0722025 0.0630396 0.0568878 
30   0.232344   0.2397   0.228511  0.299444 0.076373 0.0623628 0.0593122 
31   0.2312   0.2378   0.228967  0.302033 0.0717564 0.0653992 0.0588868 
32   0.2312   0.234556   0.229278  0.304967 0.0756471 0.063328 0.0595961 
33   0.229533   0.233144   0.230467  0.306856 0.0747513 0.0618367 0.0592779 
34   0.228567   0.231233   0.231389  0.308811 0.0747272 0.0640247 0.0567766 
35   0.228289   0.229367   0.231467  0.310878 0.0726539 0.0609364 0.0599072 
36   0.2286   0.227333   0.231822  0.312244 0.0751829 0.0587558 0.0585439 
37   0.228078   0.225322   0.232233  0.314367 0.0743402 0.0615893 0.0574336 
38   0.228411   0.222133   0.233933  0.315522 0.0786528 0.0583704 0.0608631 
39   0.227744   0.218844   0.236156  0.317256 0.0788816 0.0547164 0.0584921 
40   0.2268   0.216656   0.237789  0.318756 0.0768684 0.0574951 0.0593283 
41   0.225989   0.214578   0.240122  0.319311 0.0751833 0.0545302 0.0616983 
42   0.224656   0.212511   0.241544  0.321289 0.0743061 0.0593216 0.0604078 
43   0.2242   0.209778   0.243722  0.3223 0.0788978 0.0537743 0.0596901 
44   0.222   0.207956   0.246678  0.323367 0.0745763 0.0510599 0.0591581 
45   0.220556   0.205844   0.249833  0.323767 0.0758709 0.0522499 0.0609903 
46   0.221589   0.2029   0.252067  0.323444 0.0757854 0.0510118 0.0618072 
47   0.221567   0.201344   0.2548  0.322289 0.0755161 0.0519263 0.0643078 
48   0.221467   0.1987   0.257267  0.322567 0.0764858 0.0516309 0.0628491 
49   0.221967   0.196989   0.260111  0.320933 0.0747637 0.0518701 0.0647928 
50   0.220722   0.1957   0.263567  0.320011 0.0724801 0.0469885 0.0641532 
51   0.218911   0.194278   0.267722  0.319089 0.071311 0.0481852 0.0656227 
52   0.218467   0.193378   0.271056  0.3171 0.0711467 0.0483088 0.0668918 
53   0.218211   0.191133   0.274856  0.3158 0.0746955 0.0479197 0.0664354 
54   0.216644   0.190444   0.2782  0.314711 0.0676084 0.0485912 0.0666033 
55   0.216467   0.188578   0.282922  0.312033 0.0704784 0.0461299 0.0687756 
56   0.214978   0.188056   0.286844  0.310122 0.0688782 0.045517 0.0679415 
57   0.214433   0.187667   0.291167  0.306733 0.0660561 0.0463666 0.070474 
58   0.213189   0.1864   0.295922  0.304489 0.0697454 0.0459454 0.0691154 
59   0.213178   0.185822   0.299389  0.301611 0.0677158 0.0464461 0.0707926 
60   0.210956   0.185356   0.305111  0.298578 0.0663119 0.0447207 0.069405 
61   0.210056   0.184867   0.310189  0.294889 0.0680974 0.0442826 0.0710033 
62   0.210222   0.183744   0.315478  0.290556 0.0675562 0.0438801 0.0727581 
63   0.209367   0.183722   0.320722  0.286189 0.061438 0.0428627 0.0730019 
64   0.207067   0.184333   0.325633  0.282967 0.0590868 0.0444483 0.0719804 
65   0.204444   0.184422   0.331233  0.2799 0.0620856 0.0436073 0.0712294 
66   0.202767   0.185078   0.336044  0.276111 0.0591035 0.0428365 0.0730817 
67   0.202611   0.1856   0.340644  0.271144 0.0591343 0.0438103 0.0765795 
68   0.201989   0.186667   0.345033  0.266311 0.0586686 0.0437406 0.074663 
69   0.199333   0.187722   0.350811  0.262133 0.0575595 0.0397707 0.0736399 
70   0.197978   0.189267   0.356522  0.256233 0.053211 0.0411744 0.0790946 
71   0.198822   0.189889   0.360867  0.250422 0.0563579 0.0426341 0.0790078 
72   0.199344   0.190322   0.365956  0.244378 0.0556466 0.0430445 0.0786671 
73   0.198333   0.192833   0.369867  0.238967 0.0512581 0.0435997 0.0779303 
74   0.196956   0.193822   0.375367  0.233856 0.0525497 0.0430185 0.0815083 
75   0.194756   0.196122   0.380622  0.2285 0.0498739 0.0425954 0.0811517 
76   0.194511   0.198067   0.384311  0.223111 0.0506487 0.0440215 0.0834427 
77   0.193778   0.200444   0.387211  0.218567 0.0490856 0.045218 0.0791335 
78   0.192122   0.202833   0.391111  0.213933 0.0480599 0.0428707 0.0794571 
79   0.191667   0.205511   0.393544  0.209278 0.0472747 0.0464205 0.0806066 
80   0.19   0.208078   0.395889  0.206033 0.0477401 0.0457664 0.0760818 
81   0.187878   0.211222   0.398711  0.202189 0.0477386 0.045776 0.0793831 
82   0.187433   0.213678   0.4009  0.197989 0.0450815 0.0453684 0.0756169 
83   0.186611   0.216844   0.402722  0.193822 0.0441995 0.0459799 0.0790729 
84   0.1866   0.220156   0.403478  0.189767 0.0453986 0.046434 0.0792823 
85   0.184811   0.223911   0.405622  0.185656 0.044413 0.0461267 0.0795714 
86   0.182889   0.227711   0.405711  0.183689 0.0429238 0.0464033 0.0717577 
87   0.182244   0.231544   0.405667  0.180544 0.0385967 0.0479268 0.0725865 
88   0.178633   0.236322   0.407444  0.1776 0.0418446 0.0439879 0.0758816 
89   0.178844   0.239922   0.406967  0.174267 0.0394471 0.0482956 0.0741366 
90   0.1766   0.243756   0.407878  0.171767 0.0397351 0.0453764 0.0727493 
91   0.1747   0.248411   0.407422  0.169467 0.0375148 0.0482443 0.0695388 
92   0.172989   0.253   0.406744  0.167267 0.0390034 0.0479164 0.070417 
93   0.171078   0.258067   0.405122  0.165733 0.0362319 0.0484334 0.0654311 
94   0.170444   0.2625   0.402878  0.164178 0.038233 0.0494775 0.0671091 
95   0.170056   0.268044   0.399856  0.162044 0.0361481 0.0511321 0.0659177 
96   0.1688   0.273811   0.396367  0.161022 0.0345299 0.0502404 0.0626029 
97   0.167378   0.280022   0.392333  0.160267 0.0346143 0.0514675 0.0623102 
98   0.164678   0.286156   0.389511  0.159656 0.0329736 0.0519116 0.0612174 
99   0.163833   0.290944   0.385456  0.159767 0.0345189 0.0513179 0.0550491 
100   0.161678   0.2965   0.381967  0.159856 0.0340271 0.0503301 0.0557758 
101   0.160778   0.302111   0.377067  0.160044 0.033502 0.0510225 0.0540071 
102   0.160767   0.307422   0.3716  0.160211 0.0331004 0.0528642 0.0533879 
103   0.161256   0.312656   0.365356  0.160733 0.0319503 0.0545987 0.0514599 
104   0.159544   0.318789   0.360156  0.161511 0.0323395 0.053768 0.0515692 
105   0.158456   0.324756   0.354578  0.162211 0.0297306 0.0530943 0.0497386 
106   0.158378   0.330333   0.348533  0.162756 0.0315793 0.0558097 0.0492499 
107   0.1575   0.3369   0.3425  0.1631 0.030777 0.0555662 0.0481977 
108   0.157156   0.342633   0.335678  0.164533 0.0322549 0.056545 0.0436678 
109   0.156256   0.348278   0.329511  0.165956 0.029056 0.0548145 0.0449082 
110   0.154533   0.354989   0.3234  0.167078 0.0293189 0.0548961 0.0415104 
111   0.153844   0.3604   0.317678  0.168078 0.029954 0.0538033 0.0442242 
112   0.152856   0.366744   0.311389  0.169011 0.0292884 0.0536882 0.0410524 
113   0.153   0.371911   0.3044  0.170689 0.0315691 0.0594469 0.0390507 
114   0.152144   0.377011   0.298533  0.172311 0.0282326 0.05457 0.0391876 
115   0.150756   0.382844   0.292567  0.173833 0.0298252 0.0562751 0.0391411 
116   0.1492   0.388033   0.286911  0.175856 0.0285582 0.0555999 0.0391818 
117   0.148444   0.393211   0.2806  0.177744 0.0287203 0.0581675 0.0360776 
118   0.147967   0.397167   0.274778  0.180089 0.028879 0.0560703 0.0354441 
119   0.147911   0.401289   0.269011  0.181789 0.0289271 0.0545491 0.0359082 
120   0.146967   0.405378   0.2629  0.184756 0.028713 0.0550163 0.0337388 
121   0.146056   0.408967   0.257844  0.187133 0.0293827 0.054351 0.0342194 
122   0.1456   0.412478   0.252367  0.189556 0.0298856 0.0548134 0.0335471 
123   0.144233   0.415633   0.2478  0.192333 0.0296312 0.0549905 0.0322978 
124   0.143122   0.419278   0.243267  0.194333 0.0294063 0.0539862 0.0343154 
125   0.141344   0.422289   0.238556  0.197811 0.0288856 0.053485 0.0284734 
126   0.139733   0.4255   0.234222  0.200544 0.0274693 0.0526316 0.0307813 
127   0.138467   0.428556   0.229744  0.203233 0.0273665 0.0544592 0.0304726 
128   0.139333   0.430111   0.224989  0.205567 0.0288048 0.0553755 0.0305615 
129   0.138   0.432667   0.219833  0.2095 0.0275898 0.0563978 0.0278904 
130   0.135789   0.434722   0.216222  0.213267 0.029661 0.0526662 0.0283744 
131   0.135422   0.436744   0.211656  0.216178 0.0291629 0.0532888 0.0283422 
132   0.134544   0.437811   0.208722  0.218922 0.0285954 0.0491364 0.0290913 
133   0.134044   0.4388   0.2052  0.221956 0.0285765 0.0505723 0.0273055 
134   0.133744   0.439467   0.201589  0.2252 0.0286134 0.0500325 0.025831 
135   0.132833   0.439822   0.198967  0.228378 0.0283677 0.0483382 0.0283205 
136   0.131344   0.440189   0.1962  0.232267 0.0282437 0.0474675 0.0251533 
137   0.130856   0.439944   0.193367  0.235833 0.0286493 0.0495526 0.0258324 
138   0.1298   0.440378   0.190456  0.239367 0.0298775 0.0481526 0.0240283 
139   0.128111   0.440978   0.187344  0.243567 0.0288641 0.0507555 0.0247412 
140   0.127633   0.440878   0.185178  0.246311 0.0289256 0.0466758 0.0261393 
141   0.126711   0.440789   0.183011  0.249489 0.028655 0.0441018 0.0258481 
142   0.126844   0.439667   0.180367  0.253122 0.0291649 0.0474167 0.0247617 
143   0.126256   0.438256   0.178567  0.256922 0.0300986 0.042814 0.0235723 
144   0.125267   0.436722   0.177078  0.260933 0.0310828 0.0420011 0.0234399 
145   0.1261   0.435389   0.174667  0.263844 0.0300725 0.0437347 0.0249957 
146   0.127111   0.432978   0.172633  0.267278 0.0315937 0.0449109 0.0252253 
147   0.126167   0.431822   0.171422  0.270589 0.0298193 0.0413851 0.0239867 
148   0.125478   0.430211   0.169878  0.274433 0.0311599 0.0432331 0.0247197 
149   0.124511   0.428456   0.168833  0.2782 0.0298045 0.0410753 0.0232398 
150   0.124811   0.426111   0.166922  0.282156 0.0307824 0.0458045 0.0229651 
151   0.124189   0.424189   0.166344  0.285278 0.0304042 0.0389403 0.0231945 
152   0.123733   0.4219   0.165867  0.2885 0.0314849 0.0378732 0.0237196 
153   0.123522   0.419533   0.164589  0.292356 0.0314977 0.0410638 0.0224533 
154   0.123011   0.416278   0.1638  0.296911 0.0329202 0.0416526 0.0215491 
155   0.122522   0.413867   0.163167  0.300444 0.0311491 0.0402252 0.0237632 
156   0.121889   0.411222   0.162089  0.3048 0.0316796 0.0407899 0.0219675 
157   0.121456   0.408611   0.161711  0.308222 0.0313699 0.0395531 0.0227472 
158   0.121511   0.405067   0.161178  0.312244 0.0328212 0.0377903 0.0212689 
159   0.122122   0.400733   0.160778  0.316367 0.0344525 0.037157 0.0206391 
160   0.121467   0.398944   0.160256  0.319333 0.0307769 0.0395301 0.0228638 
161   0.122989   0.394878   0.159322  0.322811 0.0350926 0.0393122 0.0216771 
162   0.122467   0.391622   0.158867  0.327044 0.0335125 0.0384267 0.0216845 
163   0.122278   0.387778   0.1588  0.331144 0.0345004 0.0353896 0.021098 
164   0.120767   0.384644   0.1592  0.335389 0.0332665 0.034145 0.0210382 
165   0.120511   0.380967   0.159189  0.339333 0.0346063 0.0362926 0.0203744 
166   0.1191   0.378544   0.159167  0.343189 0.0332488 0.0348293 0.0210544 
167   0.118756   0.375467   0.158922  0.346856 0.033168 0.0357417 0.021174 
168   0.119689   0.371467   0.158511  0.350333 0.034742 0.0366357 0.0210462 
169   0.119378   0.367889   0.158533  0.3542 0.0343384 0.0352587 0.0207739 
170   0.1183   0.3648   0.158244  0.358656 0.0339474 0.0345528 0.0189472 
171   0.117022   0.360967   0.158844  0.363167 0.0365802 0.0299115 0.0197342 
172   0.117433   0.357322   0.158956  0.366289 0.0347216 0.0337157 0.0200704 
173   0.116644   0.354389   0.159056  0.369911 0.0333655 0.0330631 0.0201116 
174   0.115489   0.350833   0.159744  0.373933 0.0358677 0.0310863 0.0191938 
175   0.116578   0.346456   0.160522  0.376444 0.0373397 0.0327607 0.0206513 
176   0.117489   0.342733   0.161033  0.378744 0.0352779 0.0323943 0.0205431 
177   0.116556   0.339122   0.161456  0.382867 0.0355962 0.0306355 0.0193035 
178   0.116744   0.335311   0.162322  0.385622 0.0355821 0.0297984 0.0220558 
179   0.116011   0.331744   0.162667  0.389578 0.0359202 0.0296393 0.0204287 
180   0.1159   0.3287   0.1631  0.3923 0.0344978 0.0295082 0.0211625 
181   0.115456   0.325356   0.163578  0.395611 0.0350539 0.0291573 0.0204775 
182   0.113278   0.322111   0.165711  0.3989 0.0347995 0.0254042 0.0195197 
183   0.112267   0.319422   0.166733  0.401578 0.0332873 0.0263511 0.0199716 
184   0.112322   0.315367   0.168189  0.404122 0.0379157 0.025723 0.0209728 
185   0.111589   0.312056   0.1698  0.406556 0.0352676 0.0241131 0.0204009 
186   0.1117   0.308233   0.171044  0.409022 0.0364251 0.0258474 0.0200601 
187   0.1118   0.304489   0.172633  0.411078 0.0372733 0.0242302 0.0201293 
188   0.110911   0.301167   0.173911  0.414011 0.0355423 0.0244577 0.0205152 
189   0.109767   0.2976   0.175156  0.417478 0.0370411 0.0258753 0.0197794 
190   0.110533   0.294211   0.176122  0.419133 0.0341995 0.0253108 0.0216379 
191   0.110711   0.290822   0.177633  0.420833 0.0368216 0.0247303 0.0209957 
192   0.110311   0.2863   0.179722  0.423667 0.0400779 0.0220179 0.0193795 
193   0.1105   0.282789   0.181011  0.4257 0.0390422 0.0232457 0.0214267 
194   0.108767   0.2797   0.182867  0.428667 0.0351263 0.0231416 0.0204369 
195   0.108533   0.276389   0.185022  0.430056 0.0358718 0.0216916 0.0211249 
196   0.107378   0.273011   0.186722  0.432889 0.0367035 0.0212587 0.0187056 
197   0.106733   0.269289   0.188444  0.435533 0.0388263 0.0231479 0.0202772 
198   0.106878   0.266133   0.190289  0.4367 0.0377125 0.0214033 0.0216593 
199   0.1064   0.263156   0.1921  0.438344 0.0376169 0.0214294 0.0205328 
200   0.107056   0.2593   0.194078  0.439567 0.0392248 0.0196078 0.0215457 
201   0.107278   0.255789   0.195756  0.441178 0.0379655 0.0215263 0.021233 
202   0.1066   0.2522   0.198011  0.443189 0.0382694 0.0199228 0.0211807 
203   0.107367   0.248011   0.199944  0.444678 0.0407965 0.0198642 0.021937 
204   0.107889   0.2441   0.202333  0.445678 0.0404104 0.018394 0.0211389 
205   0.108256   0.240733   0.204544  0.446467 0.0395102 0.0188907 0.0222632 
206   0.107822   0.237611   0.207089  0.447478 0.0391397 0.0186865 0.0218755 
207   0.106689   0.2343   0.210044  0.448967 0.0405892 0.0164717 0.021106 
208   0.106289   0.231144   0.212156  0.450411 0.0391711 0.0183559 0.0205905 
209   0.106456   0.228044   0.214489  0.451011 0.0410998 0.0187493 0.0219059 
210   0.106056   0.224522   0.217244  0.452178 0.0416098 0.0188562 0.0218521 
211   0.104856   0.221956   0.219989  0.4532 0.0412728 0.017543 0.0215009 
212   0.105011   0.217767   0.223011  0.454211 0.0424009 0.0162129 0.0219427 
213   0.105189   0.214944   0.225133  0.454733 0.0397469 0.0201285 0.0219183 
214   0.1056   0.211089   0.227778  0.455533 0.0432153 0.0175205 0.0220642 
215   0.104944   0.208256   0.230367  0.456433 0.0410043 0.0169268 0.021684 
216   0.105289   0.204511   0.233411  0.456789 0.0438564 0.016206 0.0223959 
217   0.104811   0.201833   0.236111  0.457244 0.0416169 0.0177084 0.022646 
218   0.105644   0.1981   0.2386  0.457656 0.0461877 0.0174118 0.0216514 
219   0.105067   0.194778   0.241456  0.4587 0.0445903 0.0164851 0.0222147 
220   0.105733   0.191167   0.244133  0.458967 0.0454649 0.0179007 0.0220187 
221   0.105022   0.188733   0.2471  0.459144 0.0428945 0.0174313 0.02387 
222   0.104389   0.186033   0.249289  0.460289 0.0433887 0.0183911 0.02207 
223   0.104389   0.184044   0.2518  0.459767 0.0412113 0.0176948 0.0242843 
224   0.104422   0.180667   0.254678  0.460233 0.0452789 0.0169888 0.0233693 
225   0.104411   0.178044   0.257444  0.4601 0.0445879 0.018062 0.0239251 
226   0.103178   0.175911   0.260733  0.460178 0.0418123 0.0164005 0.0228211 
227   0.103389   0.1732   0.263189  0.460222 0.0456038 0.0182392 0.0232277 
228   0.104467   0.170711   0.265956  0.458867 0.0450346 0.0168869 0.0249879 
229   0.103789   0.168556   0.269033  0.458622 0.0434783 0.0165023 0.0238752 
230   0.102611   0.1669   0.271989  0.4585 0.0448253 0.0169744 0.0240818 
231   0.1021   0.165189   0.275133  0.457578 0.0418747 0.0171167 0.024791 
232   0.102   0.162822   0.278178  0.457 0.0451335 0.0167192 0.0238211 
233   0.102511   0.161322   0.280156  0.456011 0.0395796 0.0193322 0.0252127 
234   0.102656   0.159378   0.282956  0.455011 0.042496 0.0163798 0.0243659 
235   0.101756   0.157722   0.286011  0.454511 0.0420385 0.0166104 0.0242485 
236   0.102044   0.155911   0.288989  0.453056 0.0415639 0.0162775 0.0253508 
237   0.102033   0.154411   0.292133  0.451422 0.0411203 0.0160329 0.0253342 
238   0.101278   0.153056   0.295489  0.450178 0.0420235 0.0166971 0.0255243 
239   0.101322   0.1518   0.298367  0.448511 0.0421053 0.0165827 0.0262365 
240   0.101333   0.150278   0.301678  0.446711 0.0416484 0.016311 0.0268543 
241   0.102078   0.148911   0.304667  0.444344 0.0408872 0.0167581 0.027062 
242   0.1008   0.148167   0.308133  0.4429 0.0408148 0.0155726 0.0260809 
243   0.101567   0.147022   0.310978  0.440433 0.0404199 0.0165513 0.0261659 
244   0.0998111   0.147011   0.314689  0.438489 0.0366536 0.0155424 0.0269432 
245   0.0992444   0.146611   0.318189  0.435956 0.0359761 0.0171598 0.0278735 
246   0.0997667   0.146067   0.321067  0.4331 0.0371353 0.0159235 0.0276787 
247   0.101   0.1445   0.323733  0.430767 0.0402404 0.0178917 0.0277329 
248   0.102144   0.143511   0.326056  0.428289 0.0402922 0.0176071 0.0281152 
249   0.102511   0.142656   0.328744  0.426089 0.0376277 0.0174817 0.0271624 
250   0.100944   0.142589   0.3322  0.424267 0.0372303 0.0168993 0.0263899 
251   0.0998667   0.142133   0.335744  0.422256 0.036936 0.0165897 0.0265818 
252   0.0993889   0.142033   0.339067  0.419511 0.0325203 0.0153556 0.0274978 
253   0.0993444   0.141633   0.342767  0.416256 0.0354377 0.0161882 0.0290815 
254   0.0992778   0.141333   0.345722  0.413667 0.0344395 0.0163376 0.0279743 
255   0.0984444   0.141389   0.349089  0.411078 0.0336478 0.0155873 0.0280419 
256   0.0985   0.1418   0.351867  0.407833 0.0307269 0.0166783 0.0283266 
257   0.0981222   0.142133   0.354867  0.404878 0.0322833 0.0162309 0.028334 
258   0.0975   0.142411   0.358644  0.401444 0.0294715 0.0158745 0.0293093 
259   0.0969444   0.142711   0.362256  0.398089 0.0322228 0.0167916 0.0292555 
260   0.0967667   0.143122   0.365089  0.395022 0.0312208 0.0168389 0.0292509 
261   0.0970333   0.143256   0.368356  0.391356 0.0303548 0.0153387 0.0296748 
262   0.0967   0.1442   0.370733  0.388367 0.0280773 0.0163791 0.0298109 
263   0.0960444   0.144933   0.373756  0.385267 0.0275081 0.0174129 0.029039 
264   0.0959222   0.145489   0.376544  0.382044 0.0299755 0.0163803 0.0297629 
265   0.0958889   0.146278   0.379489  0.378344 0.0261188 0.016436 0.030014 
266   0.0951667   0.146967   0.382767  0.3751 0.0290923 0.0158986 0.0296027 
267   0.0958111   0.147511   0.385211  0.371467 0.030468 0.0170397 0.030777 
268   0.0958222   0.148156   0.388156  0.367867 0.0308828 0.0152874 0.0303003 
269   0.0954556   0.149178   0.390967  0.3644 0.0260987 0.017347 0.0296001 
270   0.0957667   0.1505   0.393667  0.360067 0.0271116 0.0170802 0.0332663 
271   0.0949444   0.151467   0.396178  0.357411 0.0259136 0.0171888 0.0294699 
272   0.0959333   0.1523   0.398933  0.352833 0.0276555 0.0170799 0.0327976 
273   0.0962556   0.1535   0.402067  0.348178 0.0255344 0.0163213 0.033727 
274   0.0948556   0.154678   0.405856  0.344611 0.0248281 0.0152822 0.0317845 
275   0.0954222   0.156533   0.407989  0.340056 0.0249982 0.0173844 0.0347896 
276   0.0952222   0.1579   0.410489  0.336389 0.0254117 0.0172118 0.0307466 
277   0.0948   0.159189   0.413978  0.332033 0.0268102 0.0164844 0.0343187 
278   0.0957   0.160178   0.4164  0.327722 0.0251274 0.0172044 0.0328615 
279   0.0953556   0.1622   0.418733  0.323711 0.0247642 0.0166773 0.0337006 
280   0.0952889   0.163689   0.421278  0.319744 0.0255514 0.0165048 0.0341525 
281   0.0950778   0.165511   0.423611  0.3158 0.0244366 0.0163787 0.0337075 
282   0.0950667   0.167256   0.425856  0.311822 0.0246375 0.0166557 0.0341637 
283   0.095   0.169167   0.427967  0.307867 0.0238491 0.0178464 0.0341719 
284   0.0965444   0.170744   0.429533  0.303178 0.0241708 0.0178882 0.0361989 
285   0.0962333   0.173422   0.430711  0.299633 0.0216698 0.0183144 0.0338269 
286   0.0949111   0.175567   0.433756  0.295767 0.0235136 0.0164586 0.0344495 
287   0.0950111   0.177211   0.435711  0.292067 0.0247453 0.0176239 0.0331718 
288   0.0955333   0.178544   0.437456  0.288467 0.0249545 0.0178508 0.0339344 
289   0.0946556   0.180656   0.440011  0.284678 0.0237725 0.0159 0.0359371 
290   0.0952   0.182033   0.441567  0.2812 0.0252783 0.0181309 0.0338394 
291   0.0952889   0.183856   0.443089  0.277767 0.0238052 0.0172366 0.0352063 
292   0.0940556   0.185744   0.445122  0.275078 0.0261075 0.017052 0.0346414 
293   0.0938778   0.188344   0.446489  0.271289 0.0226117 0.0171239 0.034778 
294   0.0945333   0.190256   0.447567  0.267644 0.0242464 0.0178429 0.0365334 
295   0.0942778   0.192367   0.448889  0.264467 0.0231852 0.0173283 0.0356609 
296   0.0944778   0.193389   0.450767  0.261367 0.0250679 0.0170545 0.0352912 
297   0.0944222   0.195189   0.452422  0.257967 0.0249928 0.0168109 0.0351146 
298   0.0950556   0.196856   0.453678  0.254411 0.0253885 0.0170932 0.0364388 
299   0.0946111   0.198956   0.455189  0.251244 0.023706 0.0170949 0.0365987 
300   0.0937333   0.200967   0.456856  0.248444 0.0246845 0.0169649 0.0345834 
301   0.0946   0.202822   0.457944  0.244633 0.0253221 0.017511 0.0369857 
302   0.0946333   0.2043   0.458789  0.242278 0.0260765 0.0176149 0.0332925 
303   0.0948333   0.206078   0.459189  0.2399 0.0240387 0.0178489 0.0340289 
304   0.0953556   0.2079   0.459789  0.236956 0.0255028 0.0180995 0.0361262 
305   0.0951778   0.209756   0.460356  0.234711 0.0252792 0.0182693 0.0329176 
306   0.0953889   0.211678   0.461622  0.231311 0.0254264 0.01704 0.0374456 
307   0.0948222   0.213078   0.462444  0.229656 0.0272427 0.017956 0.0334806 
308   0.0938   0.214867   0.463267  0.228067 0.0250821 0.0178039 0.030674 
309   0.0936667   0.215956   0.463311  0.227067 0.0279243 0.0179882 0.0320569 
310   0.0951333   0.2183   0.462222  0.224344 0.0236674 0.0196412 0.0344979 
311   0.0943667   0.220433   0.462467  0.222733 0.0249402 0.0183413 0.0307563 
312   0.0947111   0.222733   0.462533  0.220022 0.0251021 0.0179472 0.0362666 
313   0.0949889   0.2243   0.462233  0.218478 0.0247431 0.019386 0.0333805 
314   0.0946333   0.226   0.462767  0.2166 0.0266013 0.0178361 0.034125 
315   0.0932444   0.228722   0.462678  0.215356 0.0234022 0.0185599 0.0320098 
316   0.0933   0.230233   0.462622  0.213844 0.0273014 0.0174828 0.0334847 
317   0.0939889   0.231689   0.462689  0.211633 0.0263501 0.0179172 0.0347085 
318   0.0919222   0.233378   0.464156  0.210544 0.0270478 0.0157053 0.032131 
319   0.0921889   0.2351   0.463344  0.209367 0.0263283 0.0189831 0.0321917 
320   0.0930444   0.236144   0.462867  0.207944 0.0267498 0.0177454 0.0335403 
321   0.0929222   0.237644   0.462522  0.206911 0.0256905 0.0185799 0.0324339 
322   0.0941889   0.238389   0.461789  0.205633 0.0294558 0.0179211 0.0329181 
323   0.0939333   0.239589   0.461078  0.2054 0.0272198 0.0180458 0.0291781 
324   0.0936222   0.240844   0.460489  0.205044 0.0277791 0.0175434 0.0299686 
325   0.0940889   0.242344   0.459422  0.204144 0.0287415 0.0183139 0.0316463 
326   0.0949667   0.2437   0.458122  0.203211 0.0280592 0.0190336 0.0318402 
327   0.0946778   0.244956   0.457744  0.202622 0.0297269 0.0178021 0.0302368 
328   0.0942   0.246811   0.457111  0.201878 0.0273065 0.0181324 0.0329568 
329   0.0946222   0.247844   0.455978  0.201556 0.028902 0.0178901 0.0306016 
330   0.0958   0.248411   0.454522  0.201267 0.0304851 0.0191286 0.029548 
331   0.0957778   0.249311   0.4543  0.200611 0.0287606 0.0184809 0.0311913 
332   0.0951667   0.250567   0.453556  0.200711 0.0291916 0.0183432 0.0295209 
333   0.0959889   0.251278   0.452433  0.2003 0.0301095 0.0190593 0.0294508 
334   0.0957667   0.253144   0.451022  0.200067 0.0272828 0.0197205 0.0303988 
335   0.0959111   0.253878   0.449656  0.200556 0.0319536 0.0187968 0.0283794 
336   0.0966   0.254033   0.448311  0.201056 0.0320364 0.0190022 0.0306371 
337   0.0965778   0.254444   0.447222  0.201756 0.0314482 0.0192079 0.026803 
338   0.0968444   0.255178   0.445856  0.202122 0.0297817 0.0198261 0.029023 
339   0.0974667   0.2559   0.444211  0.202422 0.0307846 0.0198121 0.027706 
340   0.0975   0.256378   0.443189  0.202933 0.029482 0.0174842 0.0275552 
341   0.0973556   0.256222   0.442089  0.204333 0.0327208 0.0193045 0.0264455 
342   0.0995667   0.255333   0.439689  0.205411 0.0341717 0.0209862 0.02795 
343   0.0990667   0.255744   0.437978  0.207211 0.0320714 0.0197867 0.0242873 
344   0.0994   0.256178   0.435967  0.208456 0.0338445 0.0207773 0.0256314 
345   0.0997889   0.256567   0.434256  0.209389 0.0330933 0.0189617 0.0259048 
346   0.0997778   0.256611   0.432889  0.210722 0.0351652 0.0201878 0.0245158 
347   0.0996222   0.257033   0.4312  0.212144 0.0326911 0.0200205 0.0252571 
348   0.0993333   0.2577   0.428956  0.214011 0.032378 0.0210266 0.0240402 
349   0.0993556   0.258367   0.427022  0.215256 0.0330272 0.0206186 0.0242459 
350   0.0994778   0.258756   0.424344  0.217422 0.032856 0.0214144 0.0248284 
351   0.0998444   0.2586   0.422556  0.219 0.0344813 0.0203189 0.0249387 
352   0.0999556   0.258811   0.420456  0.220778 0.0335997 0.0217197 0.0227296 
353   0.0991444   0.259022   0.419  0.222833 0.0322844 0.0198198 0.0220936 
354   0.0993111   0.258867   0.416756  0.225067 0.0344887 0.0209494 0.020743 
355   0.100856   0.258389   0.413933  0.226822 0.0345523 0.0225019 0.0230055 
356   0.100622   0.258478   0.411444  0.229456 0.0331542 0.0209373 0.0218478 
357   0.100867   0.257933   0.409478  0.231722 0.0342174 0.020956 0.0224686 
358   0.100933   0.258611   0.4072  0.233256 0.0329112 0.0222777 0.0236874 
359   0.101344   0.258078   0.405211  0.235367 0.035188 0.020083 0.0217692 
360   0.1014   0.258578   0.403244  0.236778 0.0317303 0.0218816 0.0225653 
361   0.101267   0.258456   0.400878  0.2394 0.0356652 0.0221536 0.0220084 
362   0.102033   0.257444   0.3988  0.241722 0.0370577 0.0211758 0.0214889 
363   0.101767   0.257678   0.396267  0.244289 0.0349158 0.0223727 0.0216502 
364   0.101578   0.257756   0.394067  0.2466 0.0334613 0.0228241 0.0199673 
365   0.100822   0.257556   0.392111  0.249511 0.0355203 0.0223031 0.0207263 
366   0.101744   0.257267   0.389011  0.251978 0.0365401 0.0242278 0.0196829 
367   0.100944   0.257911   0.386967  0.254178 0.0326509 0.0221645 0.0203281 
368   0.100367   0.257967   0.384956  0.256711 0.034508 0.0222816 0.0197587 
369   0.101411   0.257489   0.3825  0.2586 0.0354482 0.023668 0.0215114 
370   0.101733   0.257333   0.379933  0.261 0.0347804 0.0244299 0.0199794 
371   0.102456   0.256222   0.378278  0.263044 0.0370466 0.0228695 0.0203917 
372   0.103089   0.255522   0.375944  0.265444 0.035516 0.0245264 0.0190927 
373   0.1033   0.256478   0.372878  0.267344 0.0337 0.0250332 0.0196316 
374   0.102078   0.256433   0.370878  0.270611 0.0332279 0.0233618 0.018079 
375   0.102511   0.256378   0.3685  0.272611 0.0340569 0.0242668 0.0208581 
376   0.102922   0.256056   0.365744  0.275278 0.0374014 0.0255993 0.0179743 
377   0.104022   0.255778   0.362822  0.277378 0.0358429 0.0255187 0.0185671 
378   0.103989   0.254911   0.361056  0.280044 0.0370113 0.0240706 0.0195481 
379   0.1041   0.254867   0.358833  0.2822 0.0354808 0.0249577 0.0201159 
380   0.103422   0.254656   0.356722  0.2852 0.0369256 0.0242452 0.0186629 
381   0.103689   0.254244   0.3546  0.287467 0.0363454 0.024451 0.0192068 
382   0.1024   0.255044   0.352411  0.290144 0.0343501 0.0247854 0.0194419 
383   0.101378   0.255478   0.350144  0.293 0.0337632 0.0254438 0.0181136 
384   0.101533   0.254633   0.347522  0.296311 0.0368808 0.0246882 0.0172165 
385   0.102022   0.254322   0.345078  0.298578 0.0353449 0.0264092 0.0187491 
386   0.1017   0.254689   0.342067  0.301544 0.0346018 0.0275944 0.0170438 
387   0.102389   0.254267   0.339722  0.303622 0.0381293 0.0264731 0.0198976 
388   0.102044   0.254233   0.337189  0.306533 0.0351774 0.0261652 0.0170534 
389   0.1041   0.253044   0.334567  0.308289 0.0373235 0.0272515 0.0189938 
390   0.103944   0.252922   0.332189  0.310944 0.0364451 0.0262695 0.016651 
391   0.1039   0.2528   0.329911  0.313389 0.0366384 0.0262234 0.0171163 
392   0.103822   0.252811   0.328044  0.315322 0.0355573 0.026135 0.0175855 
393   0.104133   0.252967   0.325622  0.317278 0.0364348 0.0271982 0.0198034 
394   0.103989   0.252767   0.323433  0.319811 0.0352264 0.0274005 0.0179303 
395   0.103833   0.252378   0.320822  0.322967 0.0350785 0.0272424 0.0177535 
396   0.102978   0.252111   0.318956  0.325956 0.0353526 0.0252823 0.0179241 
397   0.102811   0.252544   0.316322  0.328322 0.0343323 0.0266146 0.0173848 
398   0.102478   0.252778   0.314511  0.330233 0.0348014 0.0256771 0.017564 
399   0.102778   0.252256   0.312522  0.332444 0.0365714 0.0253303 0.018169 
400   0.102844   0.252633   0.3099  0.334622 0.0359424 0.0272336 0.0176471 
401   0.102422   0.252533   0.307844  0.3372 0.0356248 0.0261733 0.0173662 
402   0.102189   0.252167   0.3054  0.340244 0.0342309 0.0277196 0.0164096 
403   0.102911   0.251222   0.303433  0.342433 0.037321 0.0259041 0.017667 
404   0.102356   0.250967   0.301489  0.345189 0.0356037 0.0268044 0.0174568 
405   0.102389   0.2512   0.299222  0.347189 0.0347988 0.0283777 0.0173496 
406   0.102067   0.250367   0.297644  0.349922 0.0367127 0.0266246 0.0165136 
407   0.103033   0.249756   0.295322  0.351889 0.0376337 0.027923 0.0171467 
408   0.102911   0.249322   0.293622  0.354144 0.0355459 0.0266376 0.0177139 
409   0.103733   0.248667   0.291211  0.356389 0.0373011 0.0280784 0.017005 
410   0.103956   0.247967   0.289589  0.358489 0.0374441 0.0272426 0.0183944 
411   0.104478   0.246789   0.288467  0.360267 0.0366089 0.0256302 0.0173568 
412   0.103867   0.246811   0.2867  0.362622 0.0357931 0.0267699 0.0175179 
413   0.104256   0.246278   0.284767  0.3647 0.0370954 0.02802 0.0173735 
414   0.103433   0.245856   0.2834  0.367311 0.0373111 0.0270787 0.0170003 
415   0.103389   0.2452   0.281678  0.369733 0.0360193 0.0276406 0.0171214 
416   0.103689   0.244211   0.280467  0.371633 0.039333 0.02564 0.01743 
417   0.103667   0.2433   0.279  0.374033 0.0382183 0.0274542 0.0163542 
418   0.103622   0.242622   0.277433  0.376322 0.0367174 0.0283552 0.0178237 
419   0.104167   0.241889   0.2758  0.378144 0.0369573 0.0263527 0.0172724 
420   0.103122   0.241567   0.274867  0.380444 0.037345 0.0260656 0.0172186 
421   0.103378   0.240511   0.273433  0.382678 0.0402925 0.0278115 0.0182535 
422   0.1035   0.239889   0.271889  0.384722 0.0388986 0.0275915 0.0176534 
423   0.103467   0.2383   0.270289  0.387944 0.0399722 0.0270127 0.0160866 
424   0.104789   0.2372   0.267856  0.390156 0.0378608 0.0285291 0.0179579 
425   0.1055   0.235856   0.266322  0.392322 0.0407532 0.028332 0.0174005 
426   0.1056   0.234444   0.265233  0.394722 0.039902 0.0283283 0.0167946 
427   0.105367   0.233678   0.263611  0.397344 0.0388152 0.0279419 0.0172836 
428   0.105067   0.232256   0.262556  0.400122 0.0395606 0.0270179 0.0159951 
429   0.1047   0.230511   0.262322  0.402467 0.0415251 0.0250529 0.0171614 
430   0.106622   0.228644   0.260889  0.403844 0.0414538 0.030158 0.0178345 
431   0.106967   0.227233   0.259933  0.405867 0.0395082 0.0270443 0.0176361 
432   0.106744   0.226344   0.258222  0.408689 0.0387267 0.0295375 0.0167269 
433   0.1061   0.225389   0.257422  0.411089 0.041726 0.0282702 0.0178076 
434   0.106967   0.2235   0.255978  0.413556 0.0448607 0.0293508 0.0175145 
435   0.106278   0.223044   0.255144  0.415533 0.0416605 0.0274329 0.0186728 
436   0.107422   0.2213   0.254278  0.417 0.0414965 0.0285241 0.0185839 
437   0.107267   0.219711   0.2544  0.418622 0.0406688 0.0267861 0.019158 
438   0.106433   0.2185   0.2539  0.421167 0.0406595 0.0282582 0.0174647 
439   0.106489   0.217533   0.253067  0.422911 0.0392576 0.0277012 0.0186519 
440   0.107578   0.215589   0.251622  0.425211 0.0431096 0.0290218 0.0188902 
441   0.1069   0.214189   0.251089  0.427822 0.0414369 0.0272896 0.0170634 
442   0.1064   0.2127   0.250611  0.430289 0.043264 0.0280556 0.0174787 
443   0.105578   0.211811   0.250422  0.432189 0.0400669 0.0279317 0.0181015 
444   0.105222   0.210789   0.249933  0.434056 0.0412317 0.0272872 0.018639 
445   0.106122   0.2088   0.249589  0.435489 0.0450688 0.0279186 0.019122 
446   0.105756   0.208189   0.2488  0.437256 0.0402831 0.0287584 0.0188549 
447   0.105533   0.207056   0.248733  0.438678 0.0414154 0.0276885 0.0196427 
448   0.104656   0.207033   0.248733  0.439578 0.037832 0.0277852 0.0200856 
449   0.104589   0.205878   0.248678  0.440856 0.0414319 0.0257304 0.0195642 
450   0.105056   0.204778   0.248167  0.442 0.0410168 0.0286404 0.0196587 
451   0.105667   0.203389   0.247678  0.443267 0.0400434 0.026013 0.0198844 
452   0.106578   0.201889   0.2471  0.444433 0.0404807 0.0279934 0.020755 
453   0.1077   0.200222   0.246667  0.445411 0.0452944 0.0281487 0.0201505 
454   0.108378   0.198644   0.2463  0.446678 0.0435072 0.0293243 0.0217776 
455   0.1076   0.198   0.246233  0.448167 0.038539 0.0263004 0.0198254 
456   0.107167   0.197333   0.2466  0.4489 0.0406846 0.0260819 0.0205529 
457   0.107111   0.197   0.246822  0.449067 0.0391329 0.0276201 0.0215341 
458   0.107122   0.195644   0.247356  0.449878 0.0422448 0.0264248 0.021254 
459   0.107344   0.194222   0.247611  0.450822 0.043219 0.0278501 0.0202277 
460   0.106722   0.193611   0.247744  0.451922 0.0411899 0.0263406 0.0208015 
461   0.106944   0.1928   0.247978  0.452278 0.0419512 0.0266852 0.0207017 
462   0.107411   0.191222   0.248267  0.4531 0.0443177 0.0267497 0.0205626 
463   0.107944   0.189833   0.249422  0.4528 0.0433469 0.0235858 0.0227813 
464   0.108322   0.188933   0.249622  0.453122 0.0409131 0.025882 0.0221093 
465   0.108256   0.1877   0.250233  0.453811 0.041402 0.0243924 0.0209411 
466   0.108433   0.186456   0.250378  0.454733 0.0416149 0.0260646 0.0214235 
467   0.107644   0.185544   0.251144  0.455667 0.0414755 0.0244519 0.0214534 
468   0.106856   0.184878   0.252656  0.455611 0.0410803 0.0224307 0.023287 
469   0.106678   0.183656   0.254033  0.455633 0.0426107 0.0234399 0.0227777 
470   0.107722   0.182456   0.254822  0.455 0.0438018 0.0247124 0.0231668 
471   0.107378   0.181578   0.255978  0.455067 0.0413495 0.0238074 0.0223443 
472   0.107433   0.179989   0.257478  0.4551 0.0447926 0.0221807 0.0217062 
473   0.107   0.179433   0.259256  0.454311 0.0406198 0.0214474 0.023609 
474   0.107122   0.177611   0.260267  0.455 0.0445848 0.0239146 0.0217179 
475   0.107   0.1763   0.262156  0.454544 0.042665 0.0226691 0.0235409 
476   0.107222   0.175278   0.263167  0.454333 0.0426041 0.0225905 0.0229045 
477   0.106878   0.174567   0.264722  0.453833 0.039683 0.0225459 0.0244069 
478   0.106989   0.1741   0.265711  0.4532 0.0415632 0.0228332 0.0236014 
479   0.107067   0.172833   0.267422  0.452678 0.0451848 0.0210755 0.0233157 
480   0.1076   0.1714   0.268967  0.452033 0.0459659 0.0222287 0.0237108 
481   0.107733   0.170167   0.2702  0.4519 0.0430442 0.0220597 0.0227122 
482   0.107289   0.169722   0.271867  0.451122 0.0432256 0.0216301 0.0244646 
483   0.1079   0.168444   0.273767  0.449889 0.0430769 0.0221105 0.0246299 
484   0.108122   0.167533   0.275256  0.449089 0.0430739 0.0211453 0.0244999 
485   0.107867   0.166933   0.276767  0.448433 0.0413848 0.0211521 0.0243951 
486   0.1071   0.166467   0.278444  0.447989 0.0427316 0.0213979 0.0243316 
487   0.107422   0.164822   0.280356  0.4474 0.045855 0.0209896 0.0241325 
488   0.108078   0.163544   0.281667  0.446711 0.0446272 0.021124 0.023916 
489   0.106967   0.162589   0.284356  0.446089 0.043753 0.019645 0.025097 
490   0.107544   0.161111   0.286367  0.444978 0.0463336 0.0192248 0.0242851 
491   0.107911   0.159789   0.288089  0.444211 0.0470345 0.019827 0.0267429 
492   0.108878   0.158056   0.289767  0.4433 0.0484667 0.0193613 0.0246629 
493   0.109211   0.156922   0.292189  0.441678 0.0458348 0.0189808 0.0258415 
494   0.1087   0.155833   0.294567  0.4409 0.047582 0.0190136 0.0250308 
495   0.108189   0.154856   0.2967  0.440256 0.0453476 0.020897 0.0257302 
496   0.108033   0.154111   0.2983  0.439556 0.0421181 0.0194735 0.0257426 
497   0.107111   0.153289   0.300644  0.438956 0.0417448 0.0185868 0.025 
498   0.107322   0.152178   0.302789  0.437711 0.0455204 0.0179614 0.0265276 
499   0.106744   0.151111   0.305822  0.436322 0.0463639 0.0174306 0.0260192 
